 # it. E_fermi(eV)  Charge Distance  Partial Chg. D.  Convergence
  0       3.997          0.000         0.0000     0
  1      -7.493         0.2369         6.4344     0
  2      -8.057         0.2708         0.5259     0
  3      -7.960         0.0392         0.3443     0
  4      -7.713         0.0076         0.2350     0
  5      -7.713         0.0037         0.0293     0
  6      -7.713         0.0065         0.0080     0
  7      -7.713         0.0058         0.0050     0
  8      -7.834         0.0020         0.0421     0
  9      -7.833         0.0070         0.0022     0
 10      -7.819         0.0009         0.0114     0
 11      -7.819         0.0019         0.0023     0
 12      -7.814         0.0036         0.0003     0
 13      -7.805         0.0002         0.0032     0
 14      -7.805         0.0004         0.0002     0
 15      -7.805         0.0000         0.0002     0
 16      -7.805         0.0000         0.0001     1
