 # it. E_fermi(eV)  Charge Distance  Partial Chg. D.  Convergence
  0       4.005          0.000         0.0000     0
  1      -7.493         0.2360         6.4392     0
  2      -8.055         0.2710         0.5233     0
  3      -7.954         0.0401         0.3450     0
  4      -7.706         0.0073         0.2352     0
  5      -7.706         0.0038         0.0300     0
  6      -7.706         0.0066         0.0081     0
  7      -7.706         0.0058         0.0050     0
  8      -7.829         0.0021         0.0425     0
  9      -7.827         0.0071         0.0023     0
 10      -7.813         0.0009         0.0118     0
 11      -7.813         0.0018         0.0024     0
 12      -7.809         0.0036         0.0003     0
 13      -7.800         0.0002         0.0033     0
 14      -7.800         0.0004         0.0002     0
 15      -7.800         0.0000         0.0002     1
