 # it. E_fermi(eV)  Charge Distance  Partial Chg. D.  Convergence
  0       3.215          0.000         0.0000     0
  1      -7.605         0.2683         6.2926     0
  2      -8.355         0.3287         0.5383     0
  3      -8.518         0.0659         0.4891     0
  4      -8.197         0.0145         0.3194     0
  5      -8.197         0.0016         0.0296     0
  6      -8.197         0.0013         0.0112     0
  7      -8.197         0.0027         0.0026     0
  8      -8.197         0.0010         0.0029     0
  9      -8.197         0.0021         0.0009     0
 10      -8.197         0.0008         0.0008     0
 11      -8.197         0.0001         0.0004     0
 12      -8.197         0.0001         0.0002     1
