 # it. E_fermi(eV)  Charge Distance  Partial Chg. D.  Convergence
  0       4.002          0.000         0.0000     0
  1      -7.493         0.2366         6.4357     0
  2      -8.055         0.2700         0.5260     0
  3      -7.954         0.0392         0.3432     0
  4      -7.707         0.0076         0.2345     0
  5      -7.707         0.0038         0.0295     0
  6      -7.707         0.0066         0.0080     0
  7      -7.707         0.0058         0.0050     0
  8      -7.829         0.0020         0.0426     0
  9      -7.828         0.0071         0.0022     0
 10      -7.814         0.0009         0.0116     0
 11      -7.814         0.0019         0.0022     0
 12      -7.810         0.0037         0.0003     0
 13      -7.800         0.0002         0.0034     0
 14      -7.800         0.0005         0.0003     0
 15      -7.800         0.0000         0.0002     0
 16      -7.800         0.0001         0.0001     1
