natx =      362
    x       y        z       iph  
      0.33596      6.26577      3.82480   0      0.00000
     -1.06691      6.16236      5.19495   1      1.96368
      1.07595      4.65221      2.93010   3      1.98788
      1.50727      7.68580      4.61226   1      2.00214
      0.10390      7.58318      5.98514   2      2.54096
      2.67562      6.25655      5.38908   2      2.81444
     -0.12941      4.64165      6.13287   2      2.86034
     -2.00528      4.64546      4.25040   2      2.87888
      0.57211      9.20477      3.67105   2      2.95248
     -2.23619      7.59076      4.41639   2      2.95322
      2.91122      7.59290      3.23921   2      2.95570
     -1.40259      6.24089      1.38508   2      2.99590
      0.33563      3.03124      3.81486   2      3.23455
      3.14212      4.64761      3.07322   2      3.32533
      1.93779      4.63868      6.27730   3      3.35083
     -2.14042      4.62302      2.27329   3      3.35235
      0.93979      4.62814      0.95169   2      3.36173
      1.17309      7.56968      0.80396   2      3.39506
     -1.49590      9.20805      3.52743   3      3.47867
      0.43378      9.18638      1.69540   3      3.61578
     -1.06734      3.12521      5.18869   1      3.70035
      4.08050      6.16451      4.01778   1      3.75088
      0.00229      6.14886      0.01377   1      3.82740
     -2.47179      6.25440      6.56626   2      3.92418
      2.44599      9.20251      5.55628   2      4.00933
      3.00699      4.62517      1.09611   3      4.15593
     -1.63222      9.18685      1.55227   2      4.19176
      2.67600      3.02410      5.38413   2      4.29135
     -0.63542      9.19989      6.87658   3      4.34350
     -1.40221      3.00845      1.38012   2      4.42807
     -2.57094      7.67014      0.60825   1      4.55725
      0.00675      4.66572      8.11128   3      4.58721
     -3.64013      7.68365      5.78944   1      4.65612
      3.65150      9.21020      2.35025   3      4.67298
      1.50910     10.72230      4.61513   1      4.67563
     -4.07146      4.65006      4.10727   3      4.70273
     -3.97431      7.56753      1.98114   2      4.86540
      1.50533      1.60336      4.59413   1      4.86799
      4.08007      3.12736      4.01151   1      4.88905
      0.00186      3.11170      0.00750   1      4.96302
      3.74481      6.24304      0.20790   2      4.97019
     -1.16699      7.57725     -0.76480   2      5.00432
      1.84202      7.60641      8.42040   2      5.01847
      2.07292      4.66112      8.25440   2      5.02128
      0.10557     10.81520      5.98765   2      5.04265
      0.10179      1.69631      5.96665   2      5.05196
      5.01799      4.64380      4.95570   2      5.08243
     -2.47140      3.02196      6.56130   2      5.08842
     -4.20762      4.62599      2.12887   2      5.11949
      2.57647      7.67229     -0.56892   1      5.12864
     -2.70142      9.20036      6.73346   2      5.12814
      5.25130      7.58533      4.80797   2      5.18348
     -0.93609      4.63196     -0.93079   2      5.18682
      2.58231      9.22370      7.53143   3      5.24734
     -2.23445     10.82270      4.42126   2      5.26577
      2.91296     10.82480      3.24408   2      5.26905
     -2.23822      1.70380      4.40026   2      5.26964
      2.90918      1.70595      3.22308   2      5.27025
     -4.81116      6.26353      5.00167   2      5.27995
      5.48364      6.26783      2.64732   2      5.28063
      1.40544      6.25218     -1.35669   2      5.29073
     -0.73296      6.27919      9.00568   2      5.29002
     -3.20962      4.63653      7.45447   3      5.32917
      4.51199      9.20204      5.69940   3      5.43829
      1.17476     10.80170      0.80647   2      5.51258
      3.51518      9.18900      0.37510   2      5.52749
      1.17099      1.68281      0.78547   2      5.56222
     -3.74197      6.25003     -0.17951   2      5.71527
      4.41445      6.28134      7.82850   2      5.71524
     -4.57529      9.20262      4.84823   2      5.81316
      0.33940     12.15010      3.83586   2      5.88434
     -0.49708      9.21828      8.85224   2      5.88952
     -4.71363      9.18423      2.87257   3      5.90953
      3.74520      3.01060      0.20294   2      5.94449
      5.15415      4.66787      6.93410   3      5.95281
      3.01130      6.17802      9.19896   1      6.00389
     -5.14511      6.14671      1.19094   1      6.08223
      0.43807      7.69930      9.79344   1      6.13923
     -3.00226      4.63655     -1.07391   3      6.14780
     -0.73357      3.04475      8.99605   2      6.18552
      0.56834      0.08588      3.65005   2      6.18673
     -4.81178      3.02909      4.99204   2      6.19175
      5.48303      3.03339      2.63769   2      6.19272
     -2.56910     10.70660      0.61112   1      6.20388
      1.40482      3.01774     -1.36632   2      6.21610
      1.64131      9.19127     -1.51013   2      6.22286
     -0.42670      9.19454     -1.65376   3      6.25891
      5.71952      9.20692      2.49388   2      6.27729
     -3.63830     10.72010      5.79231   1      6.28545
     -1.06356     12.24410      5.20968   1      6.29420
     -3.50610      9.18912     -0.33296   2      6.37137
     -2.57288      1.58770      0.59012   1      6.38818
     -2.56510      9.22155      8.70861   3      6.40347
     -3.64207      1.60121      5.77131   1      6.43209
      6.22335      4.65436      1.75292   3      6.44598
     -1.49967      0.08915      3.50643   3      6.45148
     -5.04351      7.58103      7.16232   2      6.46588
      6.65468      7.68795      3.43508   1      6.48851
      4.65032      9.22043      7.67506   2      6.49371
     -3.97264     10.79960      1.98365   2      6.51993
      2.67977     12.14300      5.40513   2      6.52171
      2.14514      4.63870     -2.25109   3      6.54499
      4.41384      3.04690      7.81887   2      6.55308
      0.43001      0.06749      1.67440   3      6.56138
     -3.97642      1.68066      1.96265   2      6.56410
     -1.39843     12.12730      1.40112   2      6.57570
     -3.74258      3.01559     -0.18914   2      6.58102
      1.83999      1.71945      8.40427   2      6.62591
     -1.16525     10.80920     -0.75992   2      6.62692
      2.57830     10.70870     -0.56605   1      6.63681
      1.84376     10.83830      8.42527   2      6.65927
     -1.16902      1.69029     -0.78092   2      6.66428
      2.44221      0.08361      5.53528   2      6.75138
     -3.07448      4.65897      9.43158   2      6.75640
      3.01087      3.14087      9.19269   1      6.76272
      5.25297     10.81740      4.81048   2      6.77244
      5.24920      1.69846      4.78948   2      6.77723
     -5.27681      4.63950      7.31005   2      6.80404
      2.57453      1.58985     -0.58705   1      6.80734
     -5.14555      3.10955      1.18468   1      6.85412
      5.58118      9.18853      0.51822   3      6.85480
      1.60642      6.27005     10.57030   2      6.86410
     -1.63599      0.06796      1.53127   2      6.89650
      5.14970      6.15101     -1.16341   1      6.93307
      3.98041      7.57940     -1.94197   2      6.94718
     -3.30539      7.60426      9.59757   2      6.95528
     -0.63919      0.08100      6.85558   3      6.95614
     -6.55000      6.23874      2.56225   2      7.00080
     -2.13610      6.17587     10.37610   1      7.00276
     -6.21431      6.16021      6.37213   1      7.02895
      7.08519      4.64083      5.10012   3      7.05826
      4.08384     12.24630      4.03251   1      7.06091
     -2.46763     12.14080      6.58230   2      7.06965
     -1.07122      4.60951     -2.90790   3      7.07479
      0.00563     12.23060      0.02850   1      7.07815
      3.64773      0.09130      2.32925   3      7.16440
      6.08719      4.63029     -0.22549   2      7.22193
      5.58548      7.70145      8.61627   1      7.25099
      4.21132      4.63410     -2.10796   2      7.27175
      4.18211      7.59884      9.98915   2      7.38709
      6.32050      7.57183     -0.37322   2      7.42589
      3.94880      4.65731     10.13690   2      7.44865
      0.43991     10.73580      9.79631   1      7.45995
     -2.70519      0.08146      6.71246   2      7.47214
      7.82302      6.25870      4.21191   2      7.49706
      2.57853      0.10481      7.51043   3      7.52133
     -6.08349      4.62981      0.24639   2      7.52932
      0.43613      1.61686      9.77531   1      7.55189
     -0.96530      7.59669     11.16630   2      7.57379
      1.60681      3.03761     10.56530   2      7.58092
      1.37679      9.21601     10.73750   2      7.58767
     -6.31440      7.57510      0.41238   2      7.58856
      1.07972     13.77110      2.95109   3      7.59253
      6.98942      7.60856      7.24322   2      7.59982
      5.14926      3.11385     -1.16968   1      7.61888
     -6.64331      9.20590      4.70460   3      7.62421
     -0.33339      6.22738     -3.79611   2      7.65034
     -2.13653      3.13872     10.36990   1      7.66355
      3.74897     12.12950      0.22394   2      7.68103
      4.50821      0.08315      5.67840   3      7.68559
     -6.21474      3.12306      6.36586   1      7.69710
     -6.54961      3.00630      2.55730   2      7.72281
      6.65651     10.72440      3.43795   1      7.74457
     -6.77963      9.18470      2.72945   2      7.76863
      3.51141      0.07011      0.35410   2      7.77917
      7.22033      4.66327      7.07723   2      7.78080
     -5.04184     10.81310      7.16483   2      7.79453
     -5.04561      1.69416      7.14383   2      7.80236
     -7.28782      4.62087      3.45046   3      7.80819
     -1.19861      4.65516     11.31410   2      7.81272
      0.86859      4.65218     11.45850   3      7.82053
      1.50350     -1.43310      4.59126   1      7.82453
     -7.15269      4.64331      5.42757   2      7.82823
     -2.90511      7.55402     -3.20005   2      7.84300
      7.59339      9.20465      4.37911   2      7.84949
      6.65274      1.60551      3.41695   1      7.86041
     -0.12564     13.76050      6.15387   2      7.86185
     -2.00151     13.76440      4.27140   2      7.86719
     -3.64443      9.17073     -2.30861   3      7.86772
     -5.57411      9.19239     -0.47658   3      7.87375
     -3.13842      4.61248     -3.05232   2      7.88032
      1.40860     12.13660     -1.34532   2      7.89603
     -5.14065      4.66357      9.28846   3      7.90012
     -4.80800     12.14800      5.01304   2      7.90398
      5.48680     12.15230      2.65869   2      7.90836
     -0.72980     12.16360      9.01705   2      7.92967
      1.50298      9.17288     -3.48579   3      7.95349
     -4.57907      0.08373      4.82723   2      7.96116
     -0.50086      0.09939      8.83124   2      7.98680
     -5.78282      9.19774      8.05376   3      7.99500
     -2.13665     13.74190      2.29429   3      8.02177
      0.94356     13.74700      0.97269   2      8.02948
     -7.38359      7.58861      5.59357   2      8.02932
      8.05862      7.59505      2.06204   2      8.03205
      3.14589     13.76650      3.09422   2      8.04303
     -0.56303      9.17334     -3.62891   2      8.05108
      1.94156     13.75760      6.29829   3      8.05131
     -4.71740      0.06534      2.85157   3      8.05785
      0.10013     -1.53571      5.96414   2      8.09293
      7.82341      3.02625      4.20695   2      8.16716
     -3.73881     12.13450     -0.16814   2      8.18470
     -3.30742      1.71730      9.58144   2      8.19156
      3.98215     10.81130     -1.93710   2      8.19488
     -3.30364     10.83620      9.60244   2      8.21685
      4.41761     12.16580      7.83987   2      8.22138
      3.97838      1.69244     -1.95810   2      8.22341
      2.90744     -1.52599      3.21821   2      8.22751
     -2.23996     -1.52814      4.39539   2      8.22836
      3.44279      9.21555     10.88060   3      8.25457
      1.63754      0.07237     -1.53113   2      8.29086
      5.71574      0.08803      2.47288   2      8.30266
     -0.43048      0.07565     -1.67476   3      8.31566
     -0.33301      2.99494     -3.80106   2      8.32464
      8.28952      4.64976      1.89604   2      8.34211
      7.72971      9.22585      6.35426   3      8.35630
     -2.56887      0.10266      8.68761   3      8.37072
      2.00898      4.61463     -4.22949   2      8.39028
      3.01076     13.74410      1.11711   3      8.39116
      5.58731     10.73790      8.61914   1      8.40014
     -3.50987      0.07022     -0.35396   2      8.40460
     -7.71834      7.66799      1.78543   1      8.42597
      1.16932     -1.54922      0.78296   2      8.42742
      4.64655      0.10154      7.65406   2      8.44051
      5.58354      1.61901      8.59814   1      8.48023
      4.72070      9.19669     -2.83093   3      8.49205
      3.01464     12.25980      9.21369   1      8.49375
      6.75382      6.27220      9.39309   2      8.49675
     -5.14177     12.22840      1.20568   1      8.50989
      2.24229      7.55617     -4.37722   2      8.51894
      4.18000      1.71197      9.97066   2      8.56069
      4.18377     10.83090      9.99166   2      8.58349
      6.32217     10.80380     -0.37071   2      8.60411
      6.31839      1.68496     -0.39171   2      8.63436
      0.01052     13.78460      8.13228   3      8.67140
     -5.48080      6.22523     -2.61893   2      8.68090
     -4.06769     13.76900      4.12827   3      8.70533
     -1.50174      7.65663     -4.57293   1      8.70824
     -0.96740      1.70982     11.14780   2      8.72249
     -6.31266     10.80700      0.41725   2      8.74290
     -0.96363     10.82870     11.16880   2      8.74320
      6.98739      1.72160      7.22709   2      8.74452
      6.01600      4.65433     10.28130   3      8.74906
     -6.21863      4.60736     -1.73072   3      8.75082
      5.57741      0.06964      0.49722   3      8.77141
      6.99116     10.84050      7.24809   2      8.77147
     -6.31643      1.68814      0.39625   2      8.77291
     -3.54098      6.26790     11.74740   2      8.82033
     -2.57471     -1.44875      0.58725   1      8.85819
     -4.70933      7.69715     10.97060   1      8.86376
     -7.61919      6.25225      7.74344   2      8.86794
      8.15871      6.18017      8.02178   1      8.87792
     -3.64391     -1.43525      5.76844   1      8.88385
      8.15439      4.62732     -0.08106   3      8.89202
     -5.88036      6.27704     10.18290   2      8.89203
      6.55284      6.25433     -2.53387   2      8.89283
      4.07618      4.61166     -4.08507   3      8.90457
      2.07670     13.78000      8.27540   2      8.90515
     -4.20384     13.74490      2.14987   2      8.90801
      5.02177     13.76270      4.97670   2      8.91558
      6.52419      9.21816      9.56029   2      8.93905
      9.22790      6.16666      2.84060   1      8.94679
     -0.93232     13.75080     -0.90979   2      8.94710
     -2.90345     10.78600     -3.19754   2      8.95765
     -4.07592      6.13320     -3.99024   1      8.97536
     -1.70461      9.21340     12.05780   3      8.97968
     -2.90722      1.66715     -3.21854   2      9.01522
      1.07149      6.13535     -5.16742   1      9.02319
     -3.20584     13.75540      7.47547   3      9.05352
      1.61058     12.15650     10.58630   2      9.05777
      6.75421      3.03976      9.38814   2      9.08580
     -5.64449      9.21613     10.02940   2      9.10865
      0.34001     15.38460      3.84549   2      9.11885
      0.33247     -2.85321      3.80349   2      9.11901
     -3.97808     -1.55137      1.96014   2      9.12116
     -6.54584     12.12520      2.57830   2      9.12392
     -7.38185     10.82050      5.59844   2      9.13542
     -7.38563      1.70165      5.57744   2      9.13925
      8.05659      1.70810      2.04591   2      9.14029
      5.15304     12.23270     -1.14868   1      9.14024
      8.06036     10.82700      2.06691   2      9.14119
      1.83825     -1.51248      8.39940   2      9.14795
      2.57269     -1.44660     -0.58992   1      9.16370
     -5.71043      9.17119     -2.45173   2      9.18668
     -1.17076     -1.54164     -0.78579   2      9.19148
     -2.13276     12.25760     10.39090   1      9.22552
     -6.21097     12.24200      6.38686   1      9.22723
     -1.06313     15.28130      5.21595   1      9.22890
      4.08496      4.68138     12.11530   3      9.23567
      5.24753     -1.53356      4.78697   2      9.26708
     -5.48041      2.99279     -2.62389   2      9.28053
      1.37302      0.09712     10.71650   2      9.30716
      8.79891      9.21234      1.17307   3      9.34534
      7.72387      7.67444     -1.74610   1      9.35951
     -6.64708      0.08700      4.68360   3      9.36363
     -3.54060      3.03546     11.74250   2      9.38896
      8.15828      3.14302      8.01552   1      9.40757
     -8.14967      4.63440      0.10326   3      9.40836
     -7.71651     10.70440      1.78830   1      9.41759
     -1.07068     -2.95653      5.17395   1      9.42601
     -7.61881      3.01981      7.73848   2      9.44095
      1.51311      9.23721     12.71260   3      9.44501
     -5.88097      3.04260     10.17320   2      9.45205
      5.15793     13.78680      6.95510   3      9.46658
      6.55223      3.01989     -2.54350   2      9.47275
      9.22747      3.12951      2.83433   1      9.48030
     -6.78340      0.06581      2.70845   2      9.50637
     -4.07635      3.09605     -3.99651   1      9.52305
      7.82718     12.14510      4.22795   2      9.53139
      2.67939     15.37540      5.41008   2      9.53887
     -2.99849     13.75540     -1.05291   3      9.53966
     -3.77062      9.21386     11.91460   2      9.53940
     -7.72028      1.58555      1.76730   1      9.54153
      7.58962      0.08576      4.35811   2      9.54424
      2.67184     -2.86235      5.36808   2      9.54781
      2.24396     10.78820     -4.37471   2      9.55640
      1.07106      3.09820     -5.17368   1      9.56799
     -1.39882     15.35980      1.40607   2      9.56876
     -9.12172      7.56538      3.15831   2      9.56979
     -5.57788      0.07350     -0.49758   3      9.59170
     -7.84882      9.19821      7.91063   2      9.60645
      2.24019      1.66930     -4.39571   2      9.60887
     -3.64820      0.05183     -2.32961   3      9.61058
     -0.32924     12.11380     -3.78006   2      9.61644
      6.78871      9.19342     -2.68731   2      9.62376
     -1.40636     -2.87800      1.36408   2      9.62805
     -8.88937      6.24788      0.99766   2      9.64882
      9.56185      6.28349      6.65133   2      9.64918
      3.34525      6.29485     13.00970   2      9.66535
     -2.67277      6.23652     -5.36070   2      9.66575
     -1.49991     10.69310     -4.57006   1      9.66671
     -5.78659      0.07885      8.03276   3      9.66802
      1.49920      0.05398     -3.50679   3      9.67945
     -1.06245      4.67923     13.29250   3      9.70103
      0.43430     -1.41959      9.77244   1      9.71848
     -8.78754      7.68150      6.96661   1      9.75262
     -0.56680      0.05445     -3.64991   2      9.76047
      6.22712     13.77330      1.77392   3      9.76089
      1.00373      4.67463     13.43560   2      9.76448
      4.08427     15.28340      4.03878   1      9.76797
      0.00606     15.26770      0.03477   1      9.77281
      9.65939      9.20419      4.52223   3      9.80036
     -9.21886      4.64791      5.28445   3      9.80013
      2.14892     13.75760     -2.23009   3      9.80184
      8.89222      6.24519     -0.96928   2      9.80781
     -1.50368      1.57419     -4.59106   1      9.80928
     -4.70750     10.73360     10.97350   1      9.82354
     -9.35502      4.62384      3.30604   2      9.84277
      3.43902      0.09665     10.85960   3      9.85776
     -0.09780      7.56374     -5.94598   2      9.86616
      4.81401      6.22953     -4.97329   2      9.87222
      0.77282      7.61992     13.60160   2      9.87980
     -4.71127      1.61471     10.95250   1      9.89500
     -8.65350      9.18697      0.84422   2      9.91099
     -2.46802     15.37330      6.58726   2      9.92172
     -2.47556     -2.86450      6.54526   2      9.93315
      7.72594      0.10696      6.33326   3      9.94159
      4.07673     -2.95438      3.99678   1      9.95159
     10.16540      4.64595      3.77852   2      9.96212
      6.65090     -1.43095      3.41408   1      9.96427
      8.66259      9.19115     -0.80208   2      9.96487
     -3.07071     13.77790      9.45258   2      9.98546
     -5.27304     13.75840      7.33105   2      9.99471
