 # it. E_fermi(eV)  Charge Distance  Partial Chg. D.  Convergence
  0       3.207          0.000         0.0000     0
  1      -7.605         0.2688         6.2895     0
  2      -8.358         0.3294         0.5394     0
  3      -8.522         0.0663         0.4915     0
  4      -8.199         0.0146         0.3212     0
  5      -8.199         0.0017         0.0297     0
  6      -8.199         0.0013         0.0116     0
  7      -8.199         0.0027         0.0027     0
  8      -8.199         0.0010         0.0029     0
  9      -8.199         0.0021         0.0009     0
 10      -8.199         0.0008         0.0008     0
 11      -8.199         0.0001         0.0004     0
 12      -8.199         0.0001         0.0002     1
