natx =      358
    x       y        z       iph  
      0.56806      0.08570      3.65027   0      0.00000
      0.43001      0.06749      1.67440   3      1.98077
      1.50350     -1.43310      4.59126   1      2.01675
      1.50533      1.60336      4.59413   1      2.01808
     -1.49967      0.08915      3.50643   3      2.07273
      2.44221      0.08361      5.53528   2      2.65814
      0.10179      1.69631      5.96665   2      2.85956
      0.10013     -1.53571      5.96414   2      2.86390
      2.90744     -1.52599      3.21821   2      2.87349
      2.90918      1.70595      3.22308   2      2.87898
      0.33247     -2.85321      3.80349   2      2.95232
      0.33563      3.03124      3.81486   2      2.95928
     -1.63599      0.06796      1.53127   2      3.05750
     -2.23996     -1.52814      4.39539   2      3.32335
     -2.23822      1.70380      4.40026   2      3.32505
      1.17099      1.68281      0.78547   2      3.33487
      3.64773      0.09130      2.32925   3      3.35104
      1.16932     -1.54922      0.78296   2      3.35499
     -0.63919      0.08100      6.85558   3      3.42513
     -1.07068     -2.95653      5.17395   1      3.77654
     -1.06734      3.12521      5.18869   1      3.77887
      2.67184     -2.86235      5.36808   2      4.00846
      2.67600      3.02410      5.38413   2      4.01047
     -1.40221      3.00845      1.38012   2      4.19261
     -1.40636     -2.87800      1.36408   2      4.23185
      2.57853      0.10481      7.51043   3      4.35238
      3.51141      0.07011      0.35410   2      4.41908
      4.50821      0.08315      5.67840   3      4.43149
     -2.70519      0.08146      6.71246   2      4.48232
     -2.57288      1.58770      0.59012   1      4.63530
      1.07217     -4.46668      2.90910   3      4.63979
     -2.57471     -1.44875      0.58725   1      4.64905
      1.07595      4.65221      2.93010   3      4.65076
      4.07673     -2.95438      3.99678   1      4.65542
      4.08007      3.12736      4.01151   1      4.66009
      0.00186      3.11170      0.00750   1      4.76938
     -0.00148     -2.97004     -0.00723   1      4.79992
      2.57453      1.58985     -0.58705   1      4.92375
      2.57269     -1.44660     -0.58992   1      4.93414
     -3.64207      1.60121      5.77131   1      4.95185
     -3.64391     -1.43525      5.76844   1      4.95385
     -1.16902      1.69029     -0.78092   2      5.02271
     -1.17076     -1.54164     -0.78579   2      5.03491
      5.24920      1.69846      4.78948   2      5.08054
      5.24753     -1.53356      4.78697   2      5.08050
     -3.97642      1.68066      1.96265   2      5.10336
     -3.97808     -1.55137      1.96014   2      5.11898
     -2.47140      3.02196      6.56130   2      5.13167
     -2.47556     -2.86450      6.54526   2      5.13306
      1.83825     -1.51248      8.39940   2      5.16931
      1.83999      1.71945      8.40427   2      5.18531
     -0.13318     -4.47724      6.11188   2      5.23180
     -0.12941      4.64165      6.13287   2      5.23512
      3.13835     -4.47128      3.05222   2      5.26594
     -2.00906     -4.47343      4.22940   2      5.26902
      3.14212      4.64761      3.07322   2      5.26971
     -2.00528      4.64546      4.25040   2      5.27007
     -4.57907      0.08373      4.82723   2      5.27998
      5.71574      0.08803      2.47288   2      5.28061
      1.63754      0.07237     -1.53113   2      5.29064
     -0.50086      0.09939      8.83124   2      5.29011
      0.93979      4.62814      0.95169   2      5.29663
      0.93602     -4.49075      0.93069   2      5.33624
     -4.71740      0.06534      2.85157   3      5.34550
     -0.43048      0.07565     -1.67476   3      5.41785
      1.93779      4.63868      6.27730   3      5.43204
      1.93402     -4.48022      6.25630   3      5.43184
     -2.14042      4.62302      2.27329   3      5.46070
     -2.14419     -4.49587      2.25229   3      5.50467
      3.74520      3.01060      0.20294   2      5.52570
      3.74104     -2.87585      0.18690   2      5.55279
     -3.50987      0.07022     -0.35396   2      5.71521
      4.64655      0.10154      7.65406   2      5.71530
      3.00699      4.62517      1.09611   3      5.75143
      3.00321     -4.49372      1.07511   3      5.79072
      5.47987     -2.85106      2.62632   2      5.81368
      5.48303      3.03339      2.63769   2      5.81989
      1.40482      3.01774     -1.36632   2      5.87054
      1.40166     -2.86672     -1.37769   2      5.89000
      5.57741      0.06964      0.49722   3      5.91909
     -2.56887      0.10266      8.68761   3      5.93426
      0.33186     -6.08765      3.79386   2      6.17954
      0.33624      6.26568      3.82449   2      6.18678
     -0.73673     -2.83970      8.98468   2      6.22225
     -0.73357      3.04475      8.99605   2      6.24721
      6.65090     -1.43095      3.41408   1      6.27351
      6.65274      1.60551      3.41695   1      6.27595
     -4.81494     -2.85536      4.98067   2      6.27666
     -4.81178      3.02909      4.99204   2      6.27747
      0.43430     -1.41959      9.77244   1      6.30593
      0.43613      1.61686      9.77531   1      6.31490
      4.41068     -2.83755      7.80750   2      6.37132
      0.00298     -4.45317      8.09028   3      6.37451
      4.41384      3.04690      7.81887   2      6.39812
      0.00675      4.66572      8.11128   3      6.41812
     -3.74258      3.01559     -0.18914   2      6.47356
     -1.07111     -5.99368      5.16769   1      6.47675
     -1.06691      6.16236      5.19495   1      6.47958
     -3.74574     -2.86887     -0.20051   2      6.49360
      5.01422     -4.47509      4.93470   2      6.49761
      5.01799      4.64380      4.95570   2      6.50248
     -4.07523     -4.46883      4.08627   3      6.51874
     -4.07146      4.65006      4.10727   3      6.52437
      2.06915     -4.45777      8.23340   2      6.62582
     -0.93609      4.63196     -0.93079   2      6.62699
     -0.93986     -4.48694     -0.95179   2      6.66047
      2.07292      4.66112      8.25440   2      6.66311
      2.67562      6.25655      5.38908   2      6.74868
      2.67223     -6.09479      5.36313   2      6.74981
      3.97838      1.69244     -1.95810   2      6.75764
      3.00753     -2.94087      9.17796   1      6.75770
     -4.20762      4.62599      2.12887   2      6.76284
      3.97664     -1.53950     -1.96297   2      6.76522
      3.01087      3.14087      9.19269   1      6.78379
     -4.21139     -4.49290      2.10787   2      6.79601
     -5.04561      1.69416      7.14383   2      6.80481
     -5.04728     -1.53786      7.14132   2      6.80848
     -1.40259      6.24089      1.38508   2      6.84842
     -1.40598     -6.11044      1.35912   2      6.89481
     -5.14555      3.10955      1.18468   1      6.91868
     -5.14889     -2.97219      1.16995   1      6.94163
      4.07629     -5.99153      3.99051   1      7.02539
      4.08050      6.16451      4.01778   1      7.03024
     -3.20962      4.63653      7.45447   3      7.03227
     -3.21339     -4.48237      7.43347   3      7.03415
      7.58962      0.08576      4.35811   2      7.05715
      0.00229      6.14886      0.01377   1      7.09268
      1.37302      0.09712     10.71650   2      7.11194
     -0.00191     -6.00719     -0.01350   1      7.13242
      5.58171     -1.41744      8.59527   1      7.20063
      6.31839      1.68496     -0.39171   2      7.20843
      5.58354      1.61901      8.59814   1      7.21024
      6.31673     -1.54707     -0.39422   2      7.21603
      1.49920      0.05398     -3.50679   3      7.21745
      5.15038     -4.45102      6.91310   3      7.22672
     -3.30916     -1.51463      9.57657   2      7.26050
      5.15415      4.66787      6.93410   3      7.26719
     -3.30742      1.71730      9.58144   2      7.27050
     -6.64708      0.08700      4.68360   3      7.28876
      5.14926      3.11385     -1.16968   1      7.30678
     -3.64820      0.05183     -2.32961   3      7.31690
      5.14592     -2.96789     -1.18441   1      7.32498
     -0.56680      0.05445     -3.64991   2      7.38793
     -6.78340      0.06581      2.70845   2      7.41157
     -5.57788      0.07350     -0.49758   3      7.41467
      4.17833     -1.52005      9.96815   2      7.45172
      4.18000      1.71197      9.97066   2      7.45910
     -3.00226      4.63655     -1.07391   3      7.46829
     -2.47179      6.25440      6.56626   2      7.46971
     -2.47518     -6.09694      6.54031   2      7.47253
     -3.00603     -4.48234     -1.09491   3      7.49385
      6.21958     -4.46453      1.73192   3      7.50495
      6.22335      4.65436      1.75292   3      7.51365
      6.98565     -1.51033      7.22222   2      7.51609
      6.98739      1.72160      7.22709   2      7.52845
      1.60265     -2.84884     10.54930   2      7.56826
      1.60681      3.03761     10.56530   2      7.59015
      2.14514      4.63870     -2.25109   3      7.61860
      2.14137     -4.48019     -2.27209   3      7.64179
      7.72594      0.10696      6.33326   3      7.64422
      4.71693      0.07780     -2.85193   3      7.71309
      1.50156     -7.51554      4.57313   1      7.71375
      1.50727      7.68580      4.61226   1      7.71810
     -5.78659      0.07885      8.03276   3      7.71932
      3.74481      6.24304      0.20790   2      7.73657
      3.43902      0.09665     10.85960   3      7.75996
     -6.54961      3.00630      2.55730   2      7.77082
      3.74143     -6.10830      0.18194   2      7.77594
     -6.31643      1.68814      0.39625   2      7.78156
     -6.31817     -1.54379      0.39138   2      7.79075
     -6.55377     -2.88015      2.54125   2      7.79401
     -0.96907     -1.52220     11.14530   2      7.81816
     -0.96740      1.70982     11.14780   2      7.82358
      8.05485     -1.52384      2.04104   2      7.82510
      8.05659      1.70810      2.04591   2      7.82842
     -2.13987     -2.94302     10.35510   1      7.83969
      7.81925     -2.86020      4.19091   2      7.84540
      7.82341      3.02625      4.20695   2      7.84836
     -2.90722      1.66715     -3.21854   2      7.85870
     -2.13653      3.13872     10.36990   1      7.86061
      0.09802     -7.42258      5.94566   2      7.86537
      0.10390      7.58318      5.98514   2      7.86634
      2.90541     -7.41295      3.20208   2      7.86726
      2.91122      7.59290      3.23921   2      7.87511
     -2.90889     -1.56487     -3.22105   2      7.87582
     -6.21474      3.12306      6.36586   1      7.91242
     -6.21808     -2.95868      6.35113   1      7.91294
      5.47926     -6.08550      2.61669   2      7.95436
      5.48364      6.26783      2.64732   2      7.96163
      1.40544      6.25218     -1.35669   2      7.98726
      1.40105     -6.10116     -1.38732   2      8.02175
      1.17309      7.56968      0.80396   2      8.02979
     -2.24199     -7.41510      4.37926   2      8.04300
     -2.23619      7.59076      4.41639   2      8.04840
     -0.33301      2.99494     -3.80106   2      8.04972
      1.16722     -7.43609      0.76447   2      8.07862
      7.08142     -4.47807      5.07912   3      8.08044
      7.08519      4.64083      5.10012   3      8.08234
     -0.33717     -2.89151     -3.81711   2      8.08981
      6.08719      4.63029     -0.22549   2      8.13238
     -1.07122      4.60951     -2.90790   3      8.13398
      6.08342     -4.48860     -0.24649   2      8.15648
     -1.07499     -4.50938     -2.92890   3      8.19145
      4.21132      4.63410     -2.10796   2      8.19259
     -3.07825     -4.45992      9.41058   2      8.19386
      4.20754     -4.48479     -2.12896   2      8.21795
     -3.07448      4.65897      9.43158   2      8.22231
     -0.73734     -6.07414      8.97505   2      8.24627
     -5.28059     -4.47939      7.28905   2      8.26362
     -5.27681      4.63950      7.31005   2      8.26399
     -0.73296      6.27919      9.00568   2      8.29050
     -4.81555     -6.08980      4.97104   2      8.29846
     -4.81116      6.26353      5.00167   2      8.30228
     -7.38563      1.70165      5.57744   2      8.34185
     -7.38737     -1.53029      5.57257   2      8.34239
      4.41006     -6.07199      7.79787   2      8.35947
      2.24019      1.66930     -4.39571   2      8.36909
      6.52042      0.09927      9.53929   2      8.37325
      2.23852     -1.56272     -4.39822   2      8.38367
      4.41445      6.28134      7.82850   2      8.40466
     -3.74197      6.25003     -0.17951   2      8.44053
     -3.74635     -6.10331     -0.21014   2      8.47471
      3.00710     -5.97802      9.17169   1      8.55592
      3.01130      6.17802      9.19896   1      8.59498
      3.94503     -4.46159     10.11590   2      8.59570
      8.79514      0.09345      1.15207   3      8.59802
      3.94880      4.65731     10.13690   2      8.62586
     -1.50368      1.57419     -4.59106   1      8.62712
     -7.72028      1.58555      1.76730   1      8.63086
     -7.72211     -1.45090      1.76443   1      8.63970
     -1.50551     -1.46226     -4.59393   1      8.64076
     -5.14511      6.14671      1.19094   1      8.68473
     -1.70839      0.09450     12.03680   3      8.69001
     -5.14932     -6.00934      1.16368   1      8.71901
      7.21656     -4.45562      7.05623   2      8.74224
     -6.08349      4.62981      0.24639   2      8.74520
     -2.57094      7.67014      0.60825   1      8.75391
      7.22033      4.66327      7.07723   2      8.77217
     -6.08726     -4.48909      0.22539   2      8.77222
     -5.71420      0.05230     -2.47273   2      8.77263
     -2.57665     -7.53119      0.56912   1      8.79771
     -1.16699      7.57725     -0.76480   2      8.86716
     -5.64826      0.09724     10.00840   2      8.89205
      6.78494      0.07452     -2.70831   2      8.89276
     -3.13842      4.61248     -3.05232   2      8.89688
     -1.17280     -7.42860     -0.80192   2      8.90603
      2.57647      7.67229     -0.56892   1      8.91020
     -3.97431      7.56753      1.98114   2      8.91049
      5.24542     -7.42043      4.76848   2      8.91460
      5.25130      7.58533      4.80797   2      8.91726
      6.75005     -2.84669      9.37209   2      8.91937
      6.75421      3.03976      9.38814   2      8.93969
     -3.64585     -7.51769      5.75031   1      8.94308
     -3.64013      7.68365      5.78944   1      8.94504
      1.83621     -7.39944      8.38327   2      8.94633
     -3.14219     -4.50641     -3.07332   2      8.94763
      2.57076     -7.52904     -0.60805   1      8.95144
     -3.98019     -7.43824      1.94165   2      8.95632
      1.84202      7.60641      8.42040   2      8.99657
      5.14970      6.15101     -1.16341   1      8.99727
      0.86482     -4.46671     11.43750   3      9.02516
      5.14549     -6.00504     -1.19067   1      9.02689
      0.86859      4.65218     11.45850   3      9.05050
     -1.20238     -4.46374     11.29310   2      9.06889
     -7.28782      4.62087      3.45046   3      9.07318
      1.50934      0.11832     12.69160   3      9.09025
     -1.19861      4.65516     11.31410   2      9.09590
      7.72193      1.59200     -1.76423   1      9.09745
      6.55223      3.01989     -2.54350   2      9.09849
      7.72010     -1.44445     -1.76710   1      9.10170
     -7.29160     -4.49802      3.42946   3      9.10129
      6.54907     -2.86457     -2.55487   2      9.10935
      0.56457     -9.03301      3.62905   2      9.11874
      0.57211      9.20477      3.67105   2      9.11909
      9.65562      0.08530      4.50123   3      9.12732
     -4.71310     -1.42174     10.94960   1      9.13473
      8.28575     -4.46913      1.87504   2      9.13568
      8.28952      4.64976      1.89604   2      9.13942
     -4.71127      1.61471     10.95250   1      9.13957
     -7.15269      4.64331      5.42757   2      9.14005
     -7.15646     -4.47558      5.40657   2      9.14101
     -5.48041      2.99279     -2.62389   2      9.18696
      2.00898      4.61463     -4.22949   2      9.20207
     -5.14443     -4.45532      9.26746   3      9.20903
      9.22413     -2.95223      2.81960   1      9.21122
      9.22747      3.12951      2.83433   1      9.21498
     -5.48457     -2.89366     -2.63993   2      9.22375
     -5.14065      4.66357      9.28846   3      9.23772
      8.65881      0.07225     -0.82308   2      9.24507
      2.00521     -4.50426     -4.25049   2      9.24960
      8.15493     -2.93872      8.00078   1      9.25390
      8.15828      3.14302      8.01552   1      9.27438
      1.60303     -6.08128     10.54430   2      9.30755
      0.43378      9.18638      1.69540   3      9.30924
     -3.77439      0.09497     11.89360   2      9.31716
      1.07106      3.09820     -5.17368   1      9.33757
      1.60642      6.27005     10.57030   2      9.33869
     -1.50345     -9.02974      3.48543   3      9.34931
     -1.49590      9.20805      3.52743   3      9.35373
      0.42623     -9.05140      1.65340   3      9.35383
      1.06772     -2.98354     -5.18841   1      9.36975
      4.58061      0.05660     -4.82709   2      9.37907
     -7.85260      0.07931      7.88964   2      9.42761
     -2.14031     -5.98017     10.34890   1      9.43407
     -4.07635      3.09605     -3.99651   1      9.43960
     -2.13610      6.17587     10.37610   1      9.46781
     -6.55000      6.23874      2.56225   2      9.47156
     -4.07969     -2.98569     -4.01124   1      9.47279
      2.43844     -9.03528      5.51428   2      9.49553
      2.44599      9.20251      5.55628   2      9.50135
     -6.21851     -5.99583      6.34486   1      9.50281
     -6.21431      6.16021      6.37213   1      9.50309
     -6.55338     -6.11259      2.53630   2      9.50656
     -3.54476     -2.85099     11.72640   2      9.52698
      7.81963     -6.09264      4.18595   2      9.54170
      7.82302      6.25870      4.21191   2      9.54232
     -3.54060      3.03546     11.74250   2      9.54287
     -1.63222      9.18685      1.55227   2      9.59551
      8.15439      4.62732     -0.08106   3      9.59695
     -7.61881      3.01981      7.73848   2      9.60975
     -7.62296     -2.86665      7.72244   2      9.61206
      8.15062     -4.49157     -0.10206   3      9.61907
     -5.88413     -2.84185     10.16190   2      9.62303
      4.07618      4.61166     -4.08507   3      9.62428
     -5.88097      3.04260     10.17320   2      9.63752
     -1.63977     -9.05094      1.51028   2      9.64014
     -8.65727      0.06807      0.82322   2      9.64879
      9.79395      0.10369      6.47688   2      9.64920
     -2.44067      0.05672     -5.53514   2      9.66566
      3.57735      0.11504     12.83520   2      9.66538
      4.07241     -4.50723     -4.10607   3      9.67142
     -0.33339      6.22738     -3.79611   2      9.69440
      6.01222     -4.46456     10.26030   3      9.69723
      3.64396     -9.02759      2.30825   3      9.71155
      3.65150      9.21020      2.35025   3      9.71875
      6.01600      4.65433     10.28130   3      9.72229
      6.64896     -7.51339      3.39595   1      9.73592
     -0.64296     -9.03790      6.83458   3      9.73892
      0.43236     -7.50203      9.75431   1      9.73917
      6.65468      7.68795      3.43508   1      9.74102
     -0.63542      9.19989      6.87658   3      9.74299
     -0.33678     -6.12395     -3.82206   2      9.75778
     -0.09983      1.67678     -5.96211   2      9.76604
     -6.21863      4.60736     -1.73072   3      9.77034
     -0.10157     -1.55515     -5.96698   2      9.77918
      0.43807      7.69930      9.79344   1      9.78378
     -6.22240     -4.51153     -1.75172   3      9.81969
     -9.12382      1.67851      3.13982   2      9.83515
     -9.12549     -1.55352      3.13731   2      9.84455
      9.55808     -2.83540      6.63033   2      9.91131
      9.56124      3.04905      6.64170   2      9.93013
      6.65674      0.12047     11.51440   3      9.94574
      3.98041      7.57940     -1.94197   2      9.95353
     10.39490     -1.53141      3.60979   2      9.95909
     10.39660      1.70061      3.61230   2      9.96040
      8.89260      3.01275     -0.97423   2      9.96251
      8.88844     -2.87370     -0.99028   2      9.97605
      3.97461     -7.42645     -1.97910   2      9.98633
