 # it. E_fermi(eV)  Charge Distance  Partial Chg. D.  Convergence
  0       4.005          0.000         0.0000     0
  1      -7.492         0.2368         6.4351     0
  2      -8.056         0.2711         0.5252     0
  3      -7.958         0.0398         0.3458     0
  4      -7.710         0.0078         0.2366     0
  5      -7.710         0.0037         0.0289     0
  6      -7.710         0.0064         0.0078     0
  7      -7.710         0.0059         0.0049     0
  8      -7.832         0.0021         0.0418     0
  9      -7.831         0.0069         0.0025     0
 10      -7.817         0.0009         0.0111     0
 11      -7.817         0.0019         0.0024     0
 12      -7.812         0.0032         0.0006     0
 13      -7.803         0.0001         0.0027     0
 14      -7.803         0.0004         0.0002     1
