 # it. E_fermi(eV)  Charge Distance  Partial Chg. D.  Convergence
  0       4.000          0.000         0.0000     0
  1      -7.494         0.2369         6.4344     0
  2      -8.058         0.2714         0.5253     0
  3      -7.961         0.0398         0.3460     0
  4      -7.713         0.0077         0.2364     0
  5      -7.713         0.0036         0.0291     0
  6      -7.713         0.0064         0.0081     0
  7      -7.713         0.0059         0.0049     0
  8      -7.834         0.0021         0.0423     0
  9      -7.833         0.0071         0.0023     0
 10      -7.819         0.0009         0.0116     0
 11      -7.819         0.0019         0.0023     0
 12      -7.814         0.0035         0.0003     0
 13      -7.805         0.0002         0.0032     0
 14      -7.805         0.0005         0.0002     0
 15      -7.805         0.0000         0.0003     0
 16      -7.805         0.0000         0.0001     1
