natx =      362
    x       y        z       iph  
      2.91124      7.59274      3.23903   0      0.00000
      1.50727      7.68580      4.61226   1      1.96610
      3.65150      9.21020      2.35025   3      1.98849
      4.08050      6.16451      4.01778   1      2.00336
      2.67562      6.25655      5.38908   2      2.54237
      5.25130      7.58533      4.80797   2      2.81736
      2.44599      9.20251      5.55628   2      2.85963
      0.57211      9.20477      3.67105   2      2.87347
      5.48364      6.26783      2.64732   2      2.95343
      0.33624      6.26568      3.82449   2      2.95541
      3.14212      4.64761      3.07322   2      2.95882
      1.17309      7.56968      0.80396   2      2.99187
      2.91296     10.82480      3.24408   2      3.23206
      5.71952      9.20692      2.49388   2      3.32374
      0.43378      9.18638      1.69540   3      3.32570
      3.51518      9.18900      0.37510   2      3.33390
      4.51199      9.20204      5.69940   3      3.34749
      3.74481      6.24304      0.20790   2      3.42115
      1.07595      4.65221      2.93010   3      3.48001
      3.00699      4.62517      1.09611   3      3.66166
      1.50910     10.72230      4.61513   1      3.69510
      6.65468      7.68795      3.43508   1      3.74978
      2.57647      7.67229     -0.56892   1      3.82346
      0.10390      7.58318      5.98514   2      3.92713
      5.01799      4.64380      4.95570   2      4.01019
      5.58118      9.18853      0.51822   3      4.13255
      0.93979      4.62814      0.95169   2      4.23171
      5.25297     10.81740      4.81048   2      4.28388
      1.93779      4.63868      6.27730   3      4.34801
      1.17476     10.80170      0.80647   2      4.38522
      0.00229      6.14886      0.01377   1      4.57702
      2.58231      9.22370      7.53143   3      4.60358
     -1.06691      6.16236      5.19495   1      4.65803
      6.22335      4.65436      1.75292   3      4.67040
      4.08007      3.12736      4.01151   1      4.68001
     -1.49590      9.20805      3.52743   3      4.70269
      4.08384     12.24630      4.03251   1      4.86418
      6.65651     10.72440      3.43795   1      4.88609
     -1.40259      6.24089      1.38508   2      4.88608
      2.57830     10.70870     -0.56605   1      4.92937
      6.32050      7.57183     -0.37322   2      4.96708
      4.41445      6.28134      7.82850   2      5.00426
      1.40544      6.25218     -1.35669   2      5.01848
      4.65032      9.22043      7.67506   2      5.03509
      2.67977     12.14300      5.40513   2      5.04484
      2.67600      3.02410      5.38413   2      5.05265
      0.10557     10.81520      5.98765   2      5.08045
      7.59339      9.20465      4.37911   2      5.08139
     -1.63222      9.18685      1.55227   2      5.10190
     -0.12941      4.64165      6.13287   2      5.13116
      5.14970      6.15101     -1.16341   1      5.14497
      1.64131      9.19127     -1.51013   2      5.16938
      7.82302      6.25870      4.21191   2      5.18187
      5.15415      4.66787      6.93410   3      5.21910
      0.33940     12.15010      3.83586   2      5.26689
      5.48680     12.15230      2.65869   2      5.26877
      5.48303      3.03339      2.63769   2      5.26910
      0.33563      3.03124      3.81486   2      5.26997
     -2.23619      7.59076      4.41639   2      5.28036
      8.05862      7.59505      2.06204   2      5.28023
      3.98041      7.57940     -1.94197   2      5.29019
      1.84202      7.60641      8.42040   2      5.29056
     -0.63542      9.19989      6.87658   3      5.32855
      7.08519      4.64083      5.10012   3      5.44052
      3.74897     12.12950      0.22394   2      5.51133
      6.08719      4.63029     -0.22549   2      5.55569
      3.74520      3.01060      0.20294   2      5.55962
     -1.16699      7.57725     -0.76480   2      5.71514
      6.98942      7.60856      7.24322   2      5.71536
     -2.00528      4.64546      4.25040   2      5.82078
      2.07292      4.66112      8.25440   2      5.86951
      2.90918      1.70595      3.22308   2      5.88681
      6.32217     10.80380     -0.37071   2      5.91401
     -2.14042      4.62302      2.27329   3      5.93895
      7.72971      9.22585      6.35426   3      5.96568
      5.58548      7.70145      8.61627   1      6.00650
     -2.57094      7.67014      0.60825   1      6.08122
      3.01130      6.17802      9.19896   1      6.12635
     -0.42670      9.19454     -1.65376   3      6.13572
      3.14589     13.76650      3.09422   2      6.17991
      3.98215     10.81130     -1.93710   2      6.18856
     -2.23445     10.82270      4.42126   2      6.18938
      8.06036     10.82700      2.06691   2      6.19256
      1.84376     10.83830      8.42527   2      6.21050
      0.00186      3.11170      0.00750   1      6.24396
      4.21132      4.63410     -2.10796   2      6.24772
      8.28952      4.64976      1.89604   2      6.27620
      2.14514      4.63870     -2.25109   3      6.28130
     -1.06734      3.12521      5.18869   1      6.29199
      1.50533      1.60336      4.59413   1      6.29965
      0.00563     12.23060      0.02850   1      6.34506
      0.00675      4.66572      8.11128   3      6.38297
     -0.93609      4.63196     -0.93079   2      6.39965
     -1.06356     12.24410      5.20968   1      6.42788
      8.79891      9.21234      1.17307   3      6.44639
      1.07972     13.77110      2.95109   3      6.45054
     -2.47179      6.25440      6.56626   2      6.46828
      7.22033      4.66327      7.07723   2      6.47162
      9.22790      6.16666      2.84060   1      6.48788
      3.01076     13.74410      1.11711   3      6.50782
     -1.39843     12.12730      1.40112   2      6.52023
      5.24920      1.69846      4.78948   2      6.52782
      4.72070      9.19669     -2.83093   3      6.53385
     -1.16525     10.80920     -0.75992   2      6.55401
     -1.40221      3.00845      1.38012   2      6.56332
      6.99116     10.84050      7.24809   2      6.57771
      4.41384      3.04690      7.81887   2      6.62551
      1.40860     12.13660     -1.34532   2      6.62728
      1.17099      1.68281      0.78547   2      6.63142
      4.41761     12.16580      7.83987   2      6.65956
      1.40482      3.01774     -1.36632   2      6.66402
      5.14926      3.11385     -1.16968   1      6.67128
      5.02177     13.76270      4.97670   2      6.74850
     -0.49708      9.21828      8.85224   2      6.76514
      5.15304     12.23270     -1.14868   1      6.76808
      7.82718     12.14510      4.22795   2      6.77262
      7.82341      3.02625      4.20695   2      6.77636
      5.58731     10.73790      8.61914   1      6.78225
     -2.70142      9.20036      6.73346   2      6.80422
     -2.56910     10.70660      0.61112   1      6.82907
      0.94356     13.74700      0.97269   2      6.84711
      4.18211      7.59884      9.98915   2      6.86872
      8.15439      4.62732     -0.08106   3      6.87803
      7.72387      7.67444     -1.74610   1      6.92962
     -0.73296      6.27919      9.00568   2      6.94693
      1.94156     13.75760      6.29829   3      6.95017
      6.55284      6.25433     -2.53387   2      6.95550
     -3.97431      7.56753      1.98114   2      6.99955
      0.43807      7.69930      9.79344   1      7.00630
     -3.64013      7.68365      5.78944   1      7.03088
      1.50298      9.17288     -3.48579   3      7.05005
      9.65939      9.20419      4.52223   3      7.05556
      6.65274      1.60551      3.41695   1      7.06239
      0.10179      1.69631      5.96665   2      7.07819
      2.57453      1.58985     -0.58705   1      7.12650
      6.22712     13.77330      1.77392   3      7.16526
      8.66259      9.19115     -0.80208   2      7.20857
      8.15871      6.18017      8.02178   1      7.23920
      6.78871      9.19342     -2.68731   2      7.26075
      6.75382      6.27220      9.39309   2      7.37439
      3.01087      3.14087      9.19269   1      7.43473
      8.89222      6.24519     -0.96928   2      7.43625
      6.52419      9.21816      9.56029   2      7.46014
     -0.12564     13.76050      6.15387   2      7.46727
     10.39870      7.58748      3.63079   2      7.49770
     -3.50610      9.18912     -0.33296   2      7.51597
      1.60642      6.27005     10.57030   2      7.56304
      5.15793     13.78680      6.95510   3      7.56460
      3.94880      4.65731     10.13690   2      7.56795
      3.01464     12.25980      9.21369   1      7.58213
      9.56185      6.28349      6.65133   2      7.58871
      3.64773      0.09130      2.32925   3      7.59221
      4.18377     10.83090      9.99166   2      7.59625
      7.72570     10.71090     -1.74323   1      7.59769
     -3.74197      6.25003     -0.17951   2      7.59964
     -4.07146      4.65006      4.10727   3      7.62701
      2.24229      7.55617     -4.37722   2      7.64566
      0.43991     10.73580      9.79631   1      7.68012
      7.08897     13.75970      5.12112   3      7.68291
     -3.63830     10.72010      5.79231   1      7.69390
     -3.97264     10.79960      1.98365   2      7.69725
      6.31839      1.68496     -0.39171   2      7.72611
      6.09096     13.74920     -0.20449   2      7.73760
      9.22747      3.12951      2.83433   1      7.74461
      9.79772      9.22258      6.49788   2      7.79103
     -4.20762      4.62599      2.12887   2      7.79181
     -2.46763     12.14080      6.58230   2      7.79709
     -4.71363      9.18423      2.87257   3      7.79781
     -2.47140      3.02196      6.56130   2      7.80399
      4.08427     15.28340      4.03878   1      7.82060
      1.37679      9.21601     10.73750   2      7.82410
     -4.57529      9.20262      4.84823   2      7.82492
      3.44279      9.21555     10.88060   3      7.83005
     10.16540      4.64595      3.77852   2      7.84840
     -0.56303      9.17334     -3.62891   2      7.85732
      9.23124     12.24840      2.85533   1      7.85906
      2.44221      0.08361      5.53528   2      7.86637
     -0.33339      6.22738     -3.79611   2      7.86670
      0.56834      0.08588      3.65005   2      7.87471
     -3.00226      4.63655     -1.07391   3      7.89367
      1.83999      1.71945      8.40427   2      7.89448
      8.05659      1.70810      2.04591   2      7.90741
     -2.23822      1.70380      4.40026   2      7.90854
     -1.07122      4.60951     -2.90790   3      7.90850
     -2.56510      9.22155      8.70861   3      7.90946
      3.97838      1.69244     -1.95810   2      7.93489
     -2.00151     13.76440      4.27140   2      7.95552
      4.07618      4.61166     -4.08507   3      7.99289
     -3.20962      4.63653      7.45447   3      7.99838
     -2.13665     13.74190      2.29429   3      8.01161
      2.07670     13.78000      8.27540   2      8.02145
     10.63100      6.26998      1.47014   2      8.02953
     -4.81116      6.26353      5.00167   2      8.03176
      5.71574      0.08803      2.47288   2      8.04816
      4.50821      0.08315      5.67840   3      8.05573
      0.43001      0.06749      1.67440   3      8.07675
      3.51141      0.07011      0.35410   2      8.07917
      2.67939     15.37540      5.41008   2      8.08313
      2.00898      4.61463     -4.22949   2      8.09086
     10.40040     10.81950      3.63330   2      8.16425
      6.98739      1.72160      7.22709   2      8.18474
     -0.73357      3.04475      8.99605   2      8.19220
      6.55600     12.13880     -2.52250   2      8.19428
     -0.72980     12.16360      9.01705   2      8.21800
      6.55223      3.01989     -2.54350   2      8.22225
     -1.16902      1.69029     -0.78092   2      8.22481
      0.34001     15.38460      3.84549   2      8.22752
      5.48742     15.38670      2.66832   2      8.22850
      6.01600      4.65433     10.28130   3      8.23816
      4.21509     13.75300     -2.08697   2      8.24713
      2.14892     13.75760     -2.23009   3      8.27635
      2.24396     10.78820     -4.37471   2      8.28404
      8.29330     13.76870      1.91704   2      8.29799
     10.30160      4.67002      5.75693   3      8.33664
     10.86690      9.20907      1.31670   2      8.34269
     -0.93232     13.75080     -0.90979   2      8.36106
      4.58438      9.17549     -4.80609   2      8.36830
      3.74859     15.36190      0.22890   2      8.37388
      8.15828      3.14302      8.01552   1      8.37534
      0.01052     13.78460      8.13228   3      8.40816
     -5.14511      6.14671      1.19094   1      8.43744
      5.57741      0.06964      0.49722   3      8.43937
      5.58354      1.61901      8.59814   1      8.45853
      7.22410     13.78220      7.09823   2      8.47370
      9.32951      7.60099      8.81198   2      8.50012
      7.29255      4.64085     -3.42827   3      8.50661
      8.16205     12.26190      8.03652   1      8.50811
      4.81401      6.22953     -4.97329   2      8.53938
     -2.57288      1.58770      0.59012   1      8.55294
      6.75421      3.03976      9.38814   2      8.56210
      6.75798     12.15870      9.40914   2      8.58578
      8.89638     12.13160     -0.95323   2      8.60222
      2.57853      0.10481      7.51043   3      8.62697
      8.89260      3.01275     -0.97423   2      8.63160
     -2.90511      7.55402     -3.20005   2      8.67716
     -1.49967      0.08915      3.50643   3      8.70813
      1.60681      3.03761     10.56530   2      8.72496
      1.07149      6.13535     -5.16742   1      8.72795
     -3.64443      9.17073     -2.30861   3      8.73173
      8.15816     13.74620     -0.06007   3      8.73380
      9.56124      3.04905      6.64170   2      8.74333
     -3.73881     12.13450     -0.16814   2      8.74412
      1.61058     12.15650     10.58630   2      8.74654
      8.59019      9.21770      9.70341   3      8.75666
      9.56501     12.16790      6.66269   2      8.77076
     -3.74258      3.01559     -0.18914   2      8.77360
      0.00606     15.26770      0.03477   1      8.80979
     -0.96530      7.59669     11.16630   2      8.82435
     -2.13610      6.17587     10.37610   1      8.85556
      4.64655      0.10154      7.65406   2      8.86690
     -5.04351      7.58103      7.16232   2      8.86963
     -1.06313     15.28130      5.21595   1      8.87794
     10.73290      7.70360      7.43909   1      8.87869
     10.72860      9.19068     -0.65896   3      8.88025
      6.65038      9.17502     -4.66296   3      8.88404
      9.12782      7.58155     -3.11915   2      8.89227
     -3.30539      7.60426      9.59757   2      8.89256
      7.58962      0.08576      4.35811   2      8.91596
      9.09620      4.65946      8.95971   2      8.92099
     11.80210      7.69009      2.25791   1      8.94536
     -0.32924     12.11380     -3.78006   2      8.95591
     -1.63599      0.06796      1.53127   2      8.95634
      0.86859      4.65218     11.45850   3      8.96543
     -1.50174      7.65663     -4.57293   1      8.97247
      1.63754      0.07237     -1.53113   2      8.99626
     -0.33301      2.99494     -3.80106   2      9.01265
      3.64566      7.65878     -5.75011   1      9.01933
      4.18000      1.71197      9.97066   2      9.02818
     -0.63919      0.08100      6.85558   3      9.06152
     -1.39882     15.35980      1.40607   2      9.06993
     -3.07448      4.65897      9.43158   2      9.09855
      9.33118     10.83300      8.81448   2      9.09948
      2.91499     16.71180      3.26021   2      9.11909
      2.90744     -1.52599      3.21821   2      9.11875
      5.15347     15.26990     -1.14241   1      9.11940
     -4.80800     12.14800      5.01304   2      9.13697
     10.63040      3.03554      1.46051   2      9.13874
     10.63420     12.15440      1.48151   2      9.14012
     -4.81178      3.02909      4.99204   2      9.14029
      1.40921     15.37110     -1.33569   2      9.14806
     -3.97642      1.68066      1.96265   2      9.16633
      7.72193      1.59200     -1.76423   1      9.17520
      4.41822     15.40020      7.84950   2      9.19151
      0.43613      1.61686      9.77531   1      9.19567
     -3.13842      4.61248     -3.05232   2      9.22287
     -3.64207      1.60121      5.77131   1      9.23346
      1.50350     -1.43310      4.59126   1      9.23450
     -2.90345     10.78600     -3.19754   2      9.24321
      6.66051      9.23936     11.53540   3      9.25193
      7.82679     15.37760      4.23291   2      9.26037
      3.95257     13.77620     10.15790   2      9.33758
     11.37080      4.65651      0.57574   3      9.34231
     -4.06769     13.76900      4.12827   3      9.36175
     10.29710      6.15316     -2.34058   1      9.36778
     -0.96363     10.82870     11.16880   2      9.40039
     -5.57411      9.19239     -0.47658   3      9.40031
      4.08496      4.68138     12.11530   3      9.41498
      1.51104     16.80470      4.63326   1      9.42150
     10.73470     10.74010      7.44196   1      9.42216
      7.72594      0.10696      6.33326   3      9.42298
     -5.04184     10.81310      7.16483   2      9.43579
     -5.14555      3.10955      1.18468   1      9.44623
      9.12956     10.81350     -3.11428   2      9.45544
     -3.30364     10.83620      9.60244   2      9.46772
     -4.20384     13.74490      2.14987   2      9.46888
     11.80390     10.72650      2.26078   1      9.47928
     -1.49991     10.69310     -4.57006   1      9.48959
     -5.14177     12.22840      1.20568   1      9.51183
     -1.19861      4.65516     11.31410   2      9.52507
     10.39660      1.70061      3.61230   2      9.53347
      3.64750     10.69520     -5.74724   1      9.53522
     -1.06745     13.72840     -2.88690   3      9.53957
      5.25507     16.70420      4.82897   2      9.54150
     10.16920     13.76480      3.79952   2      9.54392
      5.24753     -1.53356      4.78697   2      9.54692
      4.81817     12.11600     -4.95724   2      9.55380
     -2.99849     13.75540     -1.05291   3      9.55636
      1.17687     16.68860      0.82496   2      9.56924
     -6.55000      6.23874      2.56225   2      9.58157
     -0.43048      0.07565     -1.67476   3      9.58223
      4.81439      2.99709     -4.97824   2      9.60549
     -5.27681      4.63950      7.31005   2      9.60932
      4.07995     13.73060     -4.06407   3      9.61116
      1.16932     -1.54922      0.78296   2      9.62507
      9.35872      4.63625     -3.28514   2      9.63720
     -6.31440      7.57510      0.41238   2      9.64897
     12.13680      7.61071      6.06604   2      9.64900
     -3.20584     13.75540      7.47547   3      9.66149
      5.92023      7.62207     12.42440   2      9.66571
     -0.09780      7.56374     -5.94598   2      9.66538
      2.24019      1.66930     -4.39571   2      9.68642
      2.01276     13.73350     -4.20849   2      9.69442
      1.07106      3.09820     -5.17368   1      9.71395
      1.51311      9.23721     12.71260   3      9.71636
      3.01507     15.29690      9.21996   1      9.75379
     -6.21431      6.16021      6.37213   1      9.75418
      1.07483     12.21710     -5.15268   1      9.75592
      8.79514      0.09345      1.15207   3      9.75782
      6.65090     -1.43095      3.41408   1      9.76948
      3.58112      9.23394     12.85620   2      9.77917
     -6.64331      9.20590      4.70460   3      9.79998
     12.23260      4.64298      3.92294   3      9.80085
     11.46790      7.57398     -1.55039   2      9.80588
     -2.13653      3.13872     10.36990   1      9.80651
      2.57269     -1.44660     -0.58992   1      9.82269
     -6.77963      9.18470      2.72945   2      9.83397
      4.71693      0.07780     -2.85193   3      9.84046
      3.34525      6.29485     13.00970   2      9.86605
      7.38969      7.55832     -5.55440   2      9.86824
      2.47463      6.23867     -6.53787   2      9.87987
      6.01977     13.77320     10.30230   3      9.88690
     -2.13276     12.25760     10.39090   1      9.91726
      0.10767     16.70210      6.00614   2      9.92458
     -6.08349      4.62981      0.24639   2      9.93177
      0.10013     -1.53571      5.96414   2      9.93263
      6.65845     16.80680      3.45608   1      9.94925
      2.58024     16.79120     -0.54792   1      9.95300
     -0.50086      0.09939      8.83124   2      9.95317
     12.74080      9.20680      3.20193   2      9.96127
      9.23168     15.28560      2.86160   1      9.96346
     10.30530     13.78890      5.77793   3      9.97550
     11.23460      4.63244     -1.40266   2      9.97933
