 # it. E_fermi(eV)  Charge Distance  Partial Chg. D.  Convergence
  0       3.999          0.000         0.0000     0
  1      -7.493         0.2366         6.4364     0
  2      -8.056         0.2698         0.5260     0
  3      -7.955         0.0393         0.3434     0
  4      -7.708         0.0075         0.2345     0
  5      -7.708         0.0038         0.0297     0
  6      -7.708         0.0067         0.0082     0
  7      -7.708         0.0058         0.0050     0
  8      -7.830         0.0021         0.0432     0
  9      -7.829         0.0072         0.0023     0
 10      -7.815         0.0008         0.0121     0
 11      -7.815         0.0018         0.0022     0
 12      -7.811         0.0038         0.0004     0
 13      -7.801         0.0002         0.0036     0
 14      -7.801         0.0005         0.0003     0
 15      -7.801         0.0000         0.0002     1
