# # Li2IrO3_O_Kedge                                              FEFF 9.6.4  
# # POT  SCF 100  8.0000   0, screened core-hole, AFOLP (folp(0)= 1.300)
# # Abs   Z= 8 Rmt= 1.012 Rnm= 1.076 K  shell
# # Pot 1 Z=77 Rmt= 1.335 Rnm= 1.421
# # Pot 2 Z= 8 Rmt= 1.012 Rnm= 1.076
# # Pot 3 Z= 3 Rmt= 1.265 Rnm= 1.333
# # Gam_ch=1.559E-01 H-L exch Vi= 3.000E-01 Vr= 1.000E+00
# # Mu=-7.801E+00eV kf=2.219E+00 Vint=-1.512E+01eV Rs_int= 1.634
# FMS rfms= 9.9000
# # PATH  Rmax= 0.100,  Keep_limit= 0.00, Heap_limit 0.00  Pwcrit= 2.50%
#  S02=1.000  Temp=   0.00  Debye_temp=   0.00  Global_sig2= 0.00000
#  Energy zero shift, vr, vi    0.00000E+00   5.00000E-01
#  Curved wave amplitude ratio filter   4.000%
#     file         sig2 tot  cw amp ratio   deg  nlegs   reff  inp sig2
#     0/   0 paths used
#  xsedge+ 50, used to normalize mu           4.8610E-03
#  -----------------------------------------------------------------------
#  omega    e    k    mu    mu0     chi     @#
     524.713    -13.411  -1.100  7.16840E-02  5.96857E-02  1.19983E-02
     525.513    -12.611  -1.000  1.03053E-01  8.52489E-02  1.78043E-02
     526.237    -11.887  -0.900  1.32845E-01  1.08944E-01  2.39013E-02
     526.885    -11.239  -0.800  1.71946E-01  1.39083E-01  3.28631E-02
     527.457    -10.668  -0.700  2.27420E-01  1.80156E-01  4.72638E-02
     527.952    -10.172  -0.600  3.07804E-01  2.36982E-01  7.08225E-02
     528.371     -9.753  -0.500  4.21139E-01  3.13842E-01  1.07297E-01
     528.714     -9.410  -0.400  5.64911E-01  4.09670E-01  1.55241E-01
     528.981     -9.144  -0.300  7.13631E-01  5.11645E-01  2.01986E-01
     529.134     -8.990  -0.223  8.07972E-01  5.81031E-01  2.26940E-01
     529.323     -8.801   0.000  9.17718E-01  6.72398E-01  2.45320E-01
     529.512     -8.612   0.223  1.00224E+00  7.63316E-01  2.38921E-01
     529.701     -8.423   0.315  1.04665E+00  8.46198E-01  2.00450E-01
     529.890     -8.234   0.386  1.04699E+00  9.16577E-01  1.30413E-01
     530.079     -8.045   0.445  1.00969E+00  9.73607E-01  3.60838E-02
     530.095     -8.029   0.450  1.00529E+00  9.77769E-01  2.75263E-02
     530.276     -7.848   0.500  9.45430E-01  1.02029E+00 -7.48576E-02
     530.476     -7.648   0.550  8.72055E-01  1.05700E+00 -1.84946E-01
     530.695     -7.429   0.600  8.02093E-01  1.08762E+00 -2.85531E-01
     530.933     -7.191   0.650  7.53983E-01  1.11246E+00 -3.58479E-01
     531.190     -6.934   0.700  7.42987E-01  1.13212E+00 -3.89130E-01
     531.467     -6.658   0.750  7.81589E-01  1.14729E+00 -3.65702E-01
     531.762     -6.362   0.800  8.83577E-01  1.15868E+00 -2.75099E-01
     532.076     -6.048   0.850  1.06342E+00  1.16690E+00 -1.03485E-01
     532.410     -5.715   0.900  1.32017E+00  1.17252E+00  1.47643E-01
     532.762     -5.362   0.950  1.61068E+00  1.17599E+00  4.34691E-01
     533.133     -4.991   1.000  1.85943E+00  1.17771E+00  6.81717E-01
     533.524     -4.600   1.050  2.02075E+00  1.17801E+00  8.42740E-01
     533.934     -4.191   1.100  2.09050E+00  1.17716E+00  9.13341E-01
     534.362     -3.762   1.150  2.08261E+00  1.17538E+00  9.07227E-01
     534.810     -3.315   1.200  2.06312E+00  1.17287E+00  8.90244E-01
     535.277     -2.848   1.250  2.06413E+00  1.16980E+00  8.94336E-01
     535.762     -2.362   1.300  1.96681E+00  1.16628E+00  8.00528E-01
     536.267     -1.857   1.350  1.70475E+00  1.16244E+00  5.42309E-01
     536.791     -1.333   1.400  1.44376E+00  1.15837E+00  2.85392E-01
     537.334     -0.790   1.450  1.34057E+00  1.15414E+00  1.86428E-01
     537.896     -0.228   1.500  1.35831E+00  1.14983E+00  2.08489E-01
     538.477      0.353   1.550  1.44402E+00  1.14547E+00  2.98550E-01
     539.077      0.953   1.600  1.57756E+00  1.14113E+00  4.36433E-01
     539.696      1.572   1.650  1.71601E+00  1.13682E+00  5.79193E-01
     540.334      2.210   1.700  1.82392E+00  1.13259E+00  6.91328E-01
     540.991      2.867   1.750  1.80975E+00  1.12845E+00  6.81298E-01
     541.668      3.543   1.800  1.61206E+00  1.12441E+00  4.87649E-01
     542.363      4.239   1.850  1.32022E+00  1.12049E+00  1.99731E-01
     543.077      4.953   1.900  1.09570E+00  1.11670E+00 -2.10013E-02
     543.811      5.687   1.950  9.86070E-01  1.11304E+00 -1.26966E-01
     544.563      6.439   2.000  9.69501E-01  1.10951E+00 -1.40004E-01
     545.335      7.211   2.050  1.00706E+00  1.10610E+00 -9.90366E-02
     546.125      8.001   2.100  1.04180E+00  1.10281E+00 -6.10110E-02
     546.935      8.811   2.150  1.04870E+00  1.09963E+00 -5.09228E-02
     547.764      9.639   2.200  1.01526E+00  1.09655E+00 -8.12926E-02
     548.611     10.487   2.250  9.29668E-01  1.09357E+00 -1.63902E-01
     549.478     11.354   2.300  8.47312E-01  1.09067E+00 -2.43355E-01
     550.364     12.240   2.350  8.08171E-01  1.08783E+00 -2.79655E-01
     551.269     13.145   2.400  8.11914E-01  1.08504E+00 -2.73122E-01
     552.193     14.069   2.450  8.40169E-01  1.08228E+00 -2.42113E-01
     553.136     15.012   2.500  8.80119E-01  1.07954E+00 -1.99424E-01
     554.098     15.974   2.550  9.29764E-01  1.07680E+00 -1.47039E-01
     555.079     16.955   2.600  9.83134E-01  1.07405E+00 -9.09155E-02
     556.079     17.955   2.650  1.02797E+00  1.07126E+00 -4.32949E-02
     557.098     18.974   2.700  1.04882E+00  1.06843E+00 -1.96075E-02
     558.136     20.012   2.750  1.05133E+00  1.06553E+00 -1.41920E-02
     559.194     21.069   2.800  1.06615E+00  1.06254E+00  3.61060E-03
     560.270     22.146   2.850  1.12178E+00  1.05945E+00  6.23328E-02
     561.365     23.241   2.900  1.21899E+00  1.05624E+00  1.62746E-01
     562.480     24.356   2.950  1.31826E+00  1.05290E+00  2.65353E-01
     563.613     25.489   3.000  1.35843E+00  1.04942E+00  3.09008E-01
     564.766     26.641   3.050  1.29743E+00  1.04578E+00  2.51651E-01
     565.937     27.813   3.100  1.17805E+00  1.04197E+00  1.36079E-01
     567.128     29.004   3.150  1.07557E+00  1.03798E+00  3.75965E-02
     568.338     30.213   3.200  1.01009E+00  1.03380E+00 -2.37047E-02
     569.566     31.442   3.250  9.72340E-01  1.02942E+00 -5.70787E-02
     570.814     32.690   3.300  9.52824E-01  1.02483E+00 -7.20094E-02
     572.081     33.957   3.350  9.46328E-01  1.02004E+00 -7.37116E-02
     573.367     35.243   3.400  9.49525E-01  1.01503E+00 -6.55077E-02
     574.672     36.547   3.450  9.59661E-01  1.00982E+00 -5.01545E-02
     575.996     37.871   3.500  9.72130E-01  1.00438E+00 -3.22502E-02
     577.339     39.214   3.550  9.78950E-01  9.98725E-01 -1.97750E-02
     578.701     40.577   3.600  9.73203E-01  9.92861E-01 -1.96586E-02
     580.082     41.958   3.650  9.55584E-01  9.86794E-01 -3.12091E-02
     581.482     43.358   3.700  9.33983E-01  9.80520E-01 -4.65379E-02
     582.901     44.777   3.750  9.15130E-01  9.74051E-01 -5.89216E-02
     584.340     46.215   3.800  9.00180E-01  9.67397E-01 -6.72178E-02
     585.797     47.673   3.850  8.88794E-01  9.60561E-01 -7.17668E-02
     587.273     49.149   3.900  8.81731E-01  9.53557E-01 -7.18258E-02
     588.769     50.644   3.950  8.79346E-01  9.46391E-01 -6.70451E-02
     590.283     52.159   4.000  8.81818E-01  9.39077E-01 -5.72589E-02
     591.817     53.692   4.050  8.87670E-01  9.31623E-01 -4.39534E-02
     593.369     55.245   4.100  8.92955E-01  9.24050E-01 -3.10954E-02
     594.941     56.817   4.150  8.94672E-01  9.16373E-01 -2.17006E-02
     596.532     58.407   4.200  8.93810E-01  9.08591E-01 -1.47817E-02
     598.141     60.017   4.250  8.95447E-01  9.00722E-01 -5.27586E-03
     599.770     61.646   4.300  9.03296E-01  8.92789E-01  1.05071E-02
     601.418     63.294   4.350  9.12094E-01  8.84803E-01  2.72910E-02
     603.085     64.960   4.400  9.10860E-01  8.76773E-01  3.40864E-02
     604.771     66.646   4.450  8.95847E-01  8.68717E-01  2.71300E-02
     606.476     68.351   4.500  8.74130E-01  8.60657E-01  1.34738E-02
     608.200     70.075   4.550  8.53644E-01  8.52619E-01  1.02504E-03
     609.943     71.818   4.600  8.37773E-01  8.44638E-01 -6.86540E-03
     611.705     73.581   4.650  8.26549E-01  8.36667E-01 -1.01174E-02
