 # it. E_fermi(eV)  Charge Distance  Partial Chg. D.  Convergence
  0       4.003          0.000         0.0000     0
  1      -7.493         0.2369         6.4340     0
  2      -8.057         0.2710         0.5260     0
  3      -7.959         0.0397         0.3457     0
  4      -7.711         0.0078         0.2366     0
  5      -7.711         0.0037         0.0289     0
  6      -7.711         0.0064         0.0079     0
  7      -7.711         0.0059         0.0049     0
  8      -7.833         0.0021         0.0421     0
  9      -7.832         0.0069         0.0023     0
 10      -7.818         0.0009         0.0113     0
 11      -7.818         0.0019         0.0023     0
 12      -7.813         0.0035         0.0003     0
 13      -7.804         0.0002         0.0031     0
 14      -7.804         0.0005         0.0002     0
 15      -7.804         0.0001         0.0002     0
 16      -7.804         0.0000         0.0001     1
