 # it. E_fermi(eV)  Charge Distance  Partial Chg. D.  Convergence
  0       3.204          0.000         0.0000     0
  1      -7.604         0.2686         6.2912     0
  2      -8.356         0.3282         0.5394     0
  3      -8.517         0.0659         0.4896     0
  4      -8.196         0.0146         0.3198     0
  5      -8.196         0.0017         0.0297     0
  6      -8.196         0.0013         0.0115     0
  7      -8.196         0.0027         0.0027     0
  8      -8.196         0.0010         0.0030     0
  9      -8.196         0.0021         0.0009     0
 10      -8.196         0.0009         0.0008     0
 11      -8.196         0.0001         0.0004     0
 12      -8.196         0.0001         0.0002     1
