natx =      359
    x       y        z       iph  
      0.93963      4.62785      0.95187   0      0.00000
      1.07595      4.65221      2.93010   3      1.98307
      0.00186      3.11170      0.00750   1      2.01741
      0.00229      6.14886      0.01377   1      2.01795
      3.00699      4.62517      1.09611   3      2.07239
     -0.93609      4.63196     -0.93079   2      2.65758
      1.40482      3.01774     -1.36632   2      2.86057
      1.40544      6.25218     -1.35669   2      2.86092
     -1.40259      6.24089      1.38508   2      2.87673
     -1.40221      3.00845      1.38012   2      2.87925
      1.17309      7.56968      0.80396   2      2.95478
      1.17099      1.68281      0.78547   2      2.95880
      3.14212      4.64761      3.07322   2      3.05802
      3.74481      6.24304      0.20790   2      3.32135
      3.74520      3.01060      0.20294   2      3.32380
      0.33563      3.03124      3.81486   2      3.33327
     -2.14042      4.62302      2.27329   3      3.35155
      0.33624      6.26568      3.82449   2      3.36133
      2.14514      4.63870     -2.25109   3      3.42233
      2.57647      7.67229     -0.56892   1      3.77633
      2.57453      1.58985     -0.58705   1      3.77765
     -1.16902      1.69029     -0.78092   2      4.00977
     -1.16699      7.57725     -0.76480   2      4.01046
      2.90918      1.70595      3.22308   2      4.19226
      2.91122      7.59290      3.23921   2      4.23209
     -1.07122      4.60951     -2.90790   3      4.35220
     -2.00528      4.64546      4.25040   2      4.42189
     -3.00226      4.63655     -1.07391   3      4.43197
      4.21132      4.63410     -2.10796   2      4.47957
      4.08007      3.12736      4.01151   1      4.63414
      0.43001      0.06749      1.67440   3      4.64528
      0.43378      9.18638      1.69540   3      4.64639
      4.08050      6.16451      4.01778   1      4.65040
     -2.57094      7.67014      0.60825   1      4.65808
     -2.57288      1.58770      0.59012   1      4.65952
      1.50533      1.60336      4.59413   1      4.76798
      1.50727      7.68580      4.61226   1      4.80330
     -1.06734      3.12521      5.18869   1      4.92306
     -1.06691      6.16236      5.19495   1      4.93808
      5.14926      3.11385     -1.16968   1      4.95118
      5.14970      6.15101     -1.16341   1      4.95168
      2.67600      3.02410      5.38413   2      5.02314
      2.67562      6.25655      5.38908   2      5.03539
     -3.74258      3.01559     -0.18914   2      5.08177
     -3.74197      6.25003     -0.17951   2      5.08221
      5.48303      3.03339      2.63769   2      5.10164
      5.48364      6.26783      2.64732   2      5.11978
      3.97838      1.69244     -1.95810   2      5.13016
      3.98041      7.57940     -1.94197   2      5.13150
     -0.33339      6.22738     -3.79611   2      5.16937
     -0.33301      2.99494     -3.80106   2      5.18424
      1.64131      9.19127     -1.51013   2      5.23246
      1.63754      0.07237     -1.53113   2      5.23496
      3.51141      0.07011      0.35410   2      5.26729
     -1.63222      9.18685      1.55227   2      5.26872
     -1.63599      0.06796      1.53127   2      5.26898
      3.51518      9.18900      0.37510   2      5.26974
     -4.20762      4.62599      2.12887   2      5.28011
      6.08719      4.63029     -0.22549   2      5.28049
      2.00898      4.61463     -4.22949   2      5.29057
     -0.12941      4.64165      6.13287   2      5.29016
      0.56834      0.08588      3.65005   2      5.29599
      0.57211      9.20477      3.67105   2      5.33640
      6.22335      4.65436      1.75292   3      5.34416
      1.93779      4.63868      6.27730   3      5.41818
     -0.43048      0.07565     -1.67476   3      5.43129
     -0.42670      9.19454     -1.65376   3      5.43239
      3.64773      0.09130      2.32925   3      5.45997
      3.65150      9.21020      2.35025   3      5.50524
     -2.23822      1.70380      4.40026   2      5.52632
     -2.23619      7.59076      4.41639   2      5.55586
     -3.13842      4.61248     -3.05232   2      5.71527
      5.01799      4.64380      4.95570   2      5.71524
     -1.49967      0.08915      3.50643   3      5.75115
     -1.49590      9.20805      3.52743   3      5.79168
     -3.97431      7.56753      1.98114   2      5.81790
     -3.97642      1.68066      1.96265   2      5.82024
      0.10179      1.69631      5.96665   2      5.86889
      0.10390      7.58318      5.98514   2      5.89629
     -4.07146      4.65006      4.10727   3      5.92183
      4.07618      4.61166     -4.08507   3      5.93371
      1.17476     10.80170      0.80647   2      6.18004
      1.16932     -1.54922      0.78296   2      6.18365
      2.24229      7.55617     -4.37722   2      6.21862
      2.24019      1.66930     -4.39571   2      6.24829
      6.32050      7.57183     -0.37322   2      6.27508
     -5.14511      6.14671      1.19094   1      6.27600
     -5.14555      3.10955      1.18468   1      6.27605
      6.31839      1.68496     -0.39171   2      6.27669
      1.07149      6.13535     -5.16742   1      6.30362
      1.07106      3.09820     -5.17368   1      6.31502
     -2.90511      7.55402     -3.20005   2      6.37047
      1.50298      9.17288     -3.48579   3      6.37711
     -2.90722      1.66715     -3.21854   2      6.39971
      1.49920      0.05398     -3.50679   3      6.41195
      5.24920      1.69846      4.78948   2      6.47155
      2.57269     -1.44660     -0.58992   1      6.47634
      2.57830     10.70870     -0.56605   1      6.47812
      5.25130      7.58533      4.80797   2      6.49667
     -3.50610      9.18912     -0.33296   2      6.49773
     -3.50987      0.07022     -0.35396   2      6.50194
      5.57741      0.06964      0.49722   3      6.51866
      5.58118      9.18853      0.51822   3      6.52164
     -0.56303      9.17334     -3.62891   2      6.62593
      2.44221      0.08361      5.53528   2      6.62688
     -0.56680      0.05445     -3.64991   2      6.66046
      2.44599      9.20251      5.55628   2      6.66312
     -1.17076     -1.54164     -0.78579   2      6.74802
     -1.16525     10.80920     -0.75992   2      6.75054
     -1.50174      7.65663     -4.57293   1      6.75701
     -2.47140      3.02196      6.56130   2      6.75868
      5.71574      0.08803      2.47288   2      6.76274
     -2.47179      6.25440      6.56626   2      6.76793
     -1.50368      1.57419     -4.59106   1      6.78371
      5.71952      9.20692      2.49388   2      6.79655
      6.55284      6.25433     -2.53387   2      6.80470
      6.55223      3.01989     -2.54350   2      6.80474
      2.90744     -1.52599      3.21821   2      6.84677
      2.91296     10.82480      3.24408   2      6.89568
      6.65274      1.60551      3.41695   1      6.91743
      6.65468      7.68795      3.43508   1      6.94207
     -2.56910     10.70660      0.61112   1      7.02698
     -2.57471     -1.44875      0.58725   1      7.02913
      4.71693      0.07780     -2.85193   3      7.03135
      4.72070      9.19669     -2.83093   3      7.03423
     -6.08349      4.62981      0.24639   2      7.05846
      1.50350     -1.43310      4.59126   1      7.09212
      0.13311      4.61845     -6.11197   2      7.10974
      1.50910     10.72230      4.61513   1      7.13345
     -4.07592      6.13320     -3.99024   1      7.20044
     -4.81178      3.02909      4.99204   2      7.20817
     -4.07635      3.09605     -3.99651   1      7.21061
      0.00675      4.66572      8.11128   3      7.22003
     -4.81116      6.26353      5.00167   2      7.22135
     -3.64443      9.17073     -2.30861   3      7.23064
      4.81401      6.22953     -4.97329   2      7.25836
     -3.64820      0.05183     -2.32961   3      7.26335
      4.81439      2.99709     -4.97824   2      7.26907
      8.15439      4.62732     -0.08106   3      7.28833
     -3.64207      1.60121      5.77131   1      7.30613
      5.15415      4.66787      6.93410   3      7.31785
     -3.64013      7.68365      5.78944   1      7.32900
      2.07292      4.66112      8.25440   2      7.39002
      8.28952      4.64976      1.89604   2      7.41032
      7.08519      4.64083      5.10012   3      7.41458
     -2.67277      6.23652     -5.36070   2      7.44888
     -2.67338      3.00208     -5.37033   2      7.46104
      4.50821      0.08315      5.67840   3      7.46520
      3.97664     -1.53950     -1.96297   2      7.46699
      3.98215     10.81130     -1.93710   2      7.47249
      4.51199      9.20204      5.69940   3      7.49827
     -4.71363      9.18423      2.87257   3      7.51059
     -4.71740      0.06534      2.85157   3      7.51181
     -5.48080      6.22523     -2.61893   2      7.51825
     -5.48041      2.99279     -2.62389   2      7.52837
     -0.09780      7.56374     -5.94598   2      7.56809
     -0.09983      1.67678     -5.96211   2      7.58897
     -0.63919      0.08100      6.85558   3      7.61711
     -6.21863      4.60736     -1.73072   3      7.64444
     -0.63542      9.19989      6.87658   3      7.64765
     -3.20962      4.63653      7.45447   3      7.71363
      0.00563     12.23060      0.02850   1      7.71536
     -0.00148     -2.97004     -0.00723   1      7.71580
      7.29255      4.64085     -3.42827   3      7.71657
     -2.23996     -1.52814      4.39539   2      7.73717
     -1.93306      4.62305     -6.25510   3      7.75840
      8.05659      1.70810      2.04591   2      7.77001
     -2.23445     10.82270      4.42126   2      7.77738
      7.82341      3.02625      4.20695   2      7.78120
      7.82302      6.25870      4.21191   2      7.78900
      8.05862      7.59505      2.06204   2      7.79210
      2.47463      6.23867     -6.53787   2      7.81327
      2.47402      3.00423     -6.54750   2      7.82503
     -6.55000      6.23874      2.56225   2      7.82834
     -6.54961      3.00630      2.55730   2      7.82915
      3.64566      7.65878     -5.75011   1      7.83745
     -6.31440      7.57510      0.41238   2      7.84846
     -6.31643      1.68814      0.39625   2      7.84863
      4.41384      3.04690      7.81887   2      7.85654
      3.64372      1.57634     -5.76824   1      7.86026
      1.40166     -2.86672     -1.37769   2      7.86186
      1.40860     12.13660     -1.34532   2      7.86628
     -1.39843     12.12730      1.40112   2      7.86830
     -1.40636     -2.87800      1.36408   2      7.87473
      4.41445      6.28134      7.82850   2      7.88013
      7.72387      7.67444     -1.74610   1      7.91117
      7.72193      1.59200     -1.76423   1      7.91159
     -3.97264     10.79960      1.98365   2      7.95522
     -3.97808     -1.55137      1.96014   2      7.96136
      0.10013     -1.53571      5.96414   2      7.98856
      0.10557     10.81520      5.98765   2      8.02110
      0.33247     -2.85321      3.80349   2      8.02911
      3.74897     12.12950      0.22394   2      8.04345
      3.74104     -2.87585      0.18690   2      8.04603
      1.83999      1.71945      8.40427   2      8.05032
      0.33940     12.15010      3.83586   2      8.07848
     -5.57411      9.19239     -0.47658   3      8.08111
     -5.57788      0.07350     -0.49758   3      8.08214
      1.84202      7.60641      8.42040   2      8.09105
     -4.57907      0.08373      4.82723   2      8.13164
      2.57853      0.10481      7.51043   3      8.13379
     -4.57529      9.20262      4.84823   2      8.15625
      2.58231      9.22370      7.53143   3      8.19212
      4.58438      9.17549     -4.80609   2      8.19264
     -2.70519      0.08146      6.71246   2      8.19383
      4.58061      0.05660     -4.82709   2      8.21885
     -2.70142      9.20036      6.73346   2      8.22143
      2.24396     10.78820     -4.37471   2      8.24764
      6.78871      9.19342     -2.68731   2      8.26437
      6.78494      0.07452     -2.70831   2      8.26422
      2.23852     -1.56272     -4.39822   2      8.28455
      6.31673     -1.54707     -0.39422   2      8.29788
      6.32217     10.80380     -0.37071   2      8.29839
      8.89222      6.24519     -0.96928   2      8.33968
      8.89260      3.01275     -0.97423   2      8.34075
     -2.90345     10.78600     -3.19754   2      8.36120
     -0.73357      3.04475      8.99605   2      8.36747
     -5.01430      4.61630     -4.93480   2      8.37271
     -0.73296      6.27919      9.00568   2      8.38978
     -2.90889     -1.56487     -3.22105   2      8.40084
      5.24753     -1.53356      4.78697   2      8.43973
      5.25297     10.81740      4.81048   2      8.47374
     -1.49991     10.69310     -4.57006   1      8.55747
     -1.50551     -1.46226     -4.59393   1      8.59209
     -2.43690      9.17561     -5.51414   2      8.59607
     -7.28782      4.62087      3.45046   3      8.59848
     -2.44067      0.05672     -5.53514   2      8.62571
      3.01087      3.14087      9.19269   1      8.62625
      9.22747      3.12951      2.83433   1      8.63000
      9.22790      6.16666      2.84060   1      8.63890
      3.01130      6.17802      9.19896   1      8.64346
      6.65090     -1.43095      3.41408   1      8.68275
      3.21434      4.62520     -7.43227   3      8.68724
      6.65651     10.72440      3.43795   1      8.71959
     -5.71043      9.17119     -2.45173   2      8.74355
      7.58962      0.08576      4.35811   2      8.74388
      4.07673     -2.95438      3.99678   1      8.75232
     -5.71420      0.05230     -2.47273   2      8.77137
      7.59339      9.20465      4.37911   2      8.77300
      7.22033      4.66327      7.07723   2      8.77317
      4.08384     12.24630      4.03251   1      8.79870
      2.67184     -2.86235      5.36808   2      8.86603
      7.15639      4.61678     -5.40667   2      8.89265
     -5.27681      4.63950      7.31005   2      8.89217
      4.64655      0.10154      7.65406   2      8.89652
      2.67977     12.14300      5.40513   2      8.90714
      5.47987     -2.85106      2.62632   2      8.90795
     -1.07068     -2.95653      5.17395   1      8.91011
     -3.74574     -2.86887     -0.20051   2      8.91524
     -3.73881     12.13450     -0.16814   2      8.91583
     -5.24520      7.56159     -4.76880   2      8.92104
     -5.24723      1.67463     -4.78493   2      8.93922
      5.14592     -2.96789     -1.18441   1      8.94158
      5.15304     12.23270     -1.14868   1      8.94421
     -0.32924     12.11380     -3.78006   2      8.94654
      4.65032      9.22043      7.67506   2      8.94775
     -1.06356     12.24410      5.20968   1      8.95260
      5.48680     12.15230      2.65869   2      8.95585
     -0.33717     -2.89151     -3.81711   2      8.99523
     -3.64391     -1.43525      5.76844   1      8.99830
      0.64249      9.18103     -6.83494   3      9.02520
     -3.63830     10.72010      5.79231   1      9.02789
      0.63872      0.06214     -6.85594   3      9.04976
      2.71050      9.17776     -6.69132   2      9.06951
      8.79514      0.09345      1.15207   3      9.07248
     -0.00203      4.59601     -8.08908   3      9.08991
      2.70673      0.05887     -6.71232   2      9.09604
     -6.21474      3.12306      6.36586   1      9.09729
     -5.04561      1.69416      7.14383   2      9.09780
      8.79891      9.21234      1.17307   3      9.10136
     -6.21431      6.16021      6.37213   1      9.10528
     -5.04351      7.58103      7.16232   2      9.11531
      0.94356     13.74700      0.97269   2      9.11917
      0.93602     -4.49075      0.93069   2      9.11863
     -8.14967      4.63440      0.10326   3      9.12883
      6.21889      6.13750     -6.34459   1      9.13170
      8.65881      0.07225     -0.82308   2      9.13727
     -6.77963      9.18470      2.72945   2      9.13847
      6.21846      3.10035     -6.35086   1      9.13943
      8.66259      9.19115     -0.80208   2      9.14025
     -6.78340      0.06581      2.70845   2      9.14018
      6.98739      1.72160      7.22709   2      9.18695
     -0.50086      0.09939      8.83124   2      9.20144
      6.65038      9.17502     -4.66296   3      9.20955
     -7.71834      7.66799      1.78543   1      9.21400
     -7.72028      1.58555      1.76730   1      9.21491
      6.98942      7.60856      7.24322   2      9.22311
      6.64661      0.05613     -4.68396   3      9.23216
     -7.15269      4.64331      5.42757   2      9.24758
     -0.49708      9.21828      8.85224   2      9.24943
     -6.64914      7.65448     -3.39576   1      9.25483
     -6.65108      1.57204     -3.41388   1      9.27451
      1.07217     -4.46668      2.90910   3      9.30370
     -0.09606     10.79570     -5.94111   2      9.30743
      5.28051      4.62060     -7.28915   2      9.31438
      0.43613      1.61686      9.77531   1      9.33663
     -0.10157     -1.55515     -5.96698   2      9.33724
      3.01076     13.74410      1.11711   3      9.35002
      3.00321     -4.49372      1.07511   3      9.35289
      1.07972     13.77110      2.95109   3      9.36032
      0.43807      7.69930      9.79344   1      9.37330
     -3.07448      4.65897      9.43158   2      9.38187
      9.35872      4.63625     -3.28514   2      9.42515
      3.64750     10.69520     -5.74724   1      9.43522
      5.58354      1.61901      8.59814   1      9.43846
      3.64189     -1.46011     -5.77111   1      9.46382
      8.05485     -1.52384      2.04104   2      9.46868
      5.58548      7.70145      8.61627   1      9.47491
     -0.93232     13.75080     -0.90979   2      9.49727
      7.72010     -1.44445     -1.76710   1      9.49949
     -0.93986     -4.48694     -0.95179   2      9.49925
      7.72570     10.71090     -1.74323   1      9.50357
      8.06036     10.82700      2.06691   2      9.50671
      5.04961      7.56589     -7.12315   2      9.52523
      5.04758      1.67893     -7.13928   2      9.54139
     -6.31266     10.80700      0.41725   2      9.54272
     -6.31817     -1.54379      0.39138   2      9.54353
      3.13835     -4.47128      3.05222   2      9.59375
     -6.64708      0.08700      4.68360   3      9.59705
      9.12578      1.69459     -3.13528   2      9.60843
      9.12782      7.58155     -3.11915   2      9.60958
      7.38969      7.55832     -5.55440   2      9.61886
     -6.64331      9.20590      4.70460   3      9.61990
     -2.56887      0.10266      8.68761   3      9.62437
      7.38759      1.67145     -5.57289   2      9.63789
      3.14589     13.76650      3.09422   2      9.64221
     -8.28583      4.61034     -1.87514   2      9.64891
     10.16540      4.64595      3.77852   2      9.64910
      3.94880      4.65731     10.13690   2      9.66544
     -2.06922      4.59898     -8.23350   2      9.66566
     -2.56510      9.22155      8.70861   3      9.67224
      1.83825     -1.51248      8.39940   2      9.69417
     -4.50491      9.17888     -5.65777   3      9.69754
     -2.13665     13.74190      2.29429   3      9.71244
     -2.14419     -4.49587      2.25229   3      9.71819
     -4.50868      0.05999     -5.67876   3      9.72187
      2.14137     -4.48019     -2.27209   3      9.73625
     -5.14177     12.22840      1.20568   1      9.73736
      1.07483     12.21710     -5.15268   1      9.74066
     -5.14889     -2.97219      1.16995   1      9.74055
      2.14892     13.75760     -2.23009   3      9.74369
      1.84376     10.83830      8.42527   2      9.75904
      1.60681      3.03761     10.56530   2      9.76688
      7.72594      0.10696      6.33326   3      9.76994
      1.06772     -2.98354     -5.18841   1      9.78022
      1.60642      6.27005     10.57030   2      9.78037
      7.72971      9.22585      6.35426   3      9.82001
     10.63040      3.03554      1.46051   2      9.83388
     10.63100      6.26998      1.47014   2      9.84316
     -8.05252      7.55187     -2.02287   2      9.91250
     -8.05462      1.66500     -2.04136   2      9.93149
     -5.14943      4.59386     -6.91190   3      9.94569
     -2.47556     -2.86450      6.54526   2      9.95414
     -8.88998      3.01344      0.98803   2      9.96137
     -8.88937      6.24788      0.99766   2      9.96172
     -7.38563      1.70165      5.57744   2      9.96336
     -7.38359      7.58861      5.59357   2      9.97935
     -2.46763     12.14080      6.58230   2      9.98777
      6.54907     -2.86457     -2.55487   2      9.99497
