 # it. E_fermi(eV)  Charge Distance  Partial Chg. D.  Convergence
  0       3.992          0.000         0.0000     0
  1      -7.494         0.2369         6.4347     0
  2      -8.058         0.2704         0.5262     0
  3      -7.959         0.0398         0.3458     0
  4      -7.710         0.0078         0.2366     0
  5      -7.710         0.0037         0.0291     0
  6      -7.710         0.0065         0.0081     0
  7      -7.710         0.0059         0.0049     0
  8      -7.832         0.0021         0.0428     0
  9      -7.831         0.0070         0.0024     0
 10      -7.817         0.0009         0.0116     0
 11      -7.817         0.0019         0.0023     0
 12      -7.812         0.0035         0.0003     0
 13      -7.803         0.0002         0.0032     0
 14      -7.803         0.0005         0.0002     0
 15      -7.803         0.0000         0.0002     0
 16      -7.803         0.0000         0.0001     1
