 # it. E_fermi(eV)  Charge Distance  Partial Chg. D.  Convergence
  0       3.221          0.000         0.0000     0
  1      -7.604         0.2682         6.2923     0
  2      -8.354         0.3284         0.5388     0
  3      -8.514         0.0659         0.4890     0
  4      -8.194         0.0145         0.3197     0
  5      -8.194         0.0017         0.0295     0
  6      -8.194         0.0013         0.0113     0
  7      -8.194         0.0027         0.0026     0
  8      -8.194         0.0010         0.0029     0
  9      -8.194         0.0021         0.0009     0
 10      -8.194         0.0008         0.0008     0
 11      -8.194         0.0001         0.0004     0
 12      -8.194         0.0001         0.0002     1
